Scanning frequency (eV)      Vibronic intensity (a.u.)      Total intensity (a.u.)
2.5950000e+00                  6.7850335e-17                  6.7850335e-17
2.5951000e+00                  8.2700722e-17                  8.2700722e-17
2.5952000e+00                  1.0602883e-16                  1.0602883e-16
2.5953000e+00                  1.3928483e-16                  1.3928483e-16
2.5954000e+00                  1.8336245e-16                  1.8336245e-16
2.5955000e+00                  2.3839121e-16                  2.3839121e-16
2.5956000e+00                  3.0373433e-16                  3.0373433e-16
2.5957000e+00                  3.7820144e-16                  3.7820144e-16
2.5958000e+00                  4.6035595e-16                  4.6035595e-16
2.5959000e+00                  5.4869838e-16                  5.4869838e-16
2.5960000e+00                  6.4151871e-16                  6.4151871e-16
2.5961000e+00                  7.3637279e-16                  7.3637279e-16
2.5962000e+00                  8.2939950e-16                  8.2939950e-16
2.5963000e+00                  9.1491824e-16                  9.1491824e-16
2.5964000e+00                  9.8576964e-16                  9.8576964e-16
2.5965000e+00                  1.0346055e-15                  1.0346055e-15
2.5966000e+00                  1.0558759e-15                  1.0558759e-15
2.5967000e+00                  1.0478224e-15                  1.0478224e-15
2.5968000e+00                  1.0136200e-15                  1.0136200e-15
2.5969000e+00                  9.6104731e-16                  9.6104731e-16
2.5970000e+00                  9.0063036e-16                  9.0063036e-16
2.5971000e+00                  8.4283886e-16                  8.4283886e-16
2.5972000e+00                  7.9531476e-16                  7.9531476e-16
2.5973000e+00                  7.6109902e-16                  7.6109902e-16
2.5974000e+00                  7.3841445e-16                  7.3841445e-16
2.5975000e+00                  7.2196521e-16                  7.2196521e-16
2.5976000e+00                  7.0518964e-16                  7.0518964e-16
2.5977000e+00                  6.8265235e-16                  6.8265235e-16
2.5978000e+00                  6.5183794e-16                  6.5183794e-16
2.5979000e+00                  6.1392798e-16                  6.1392798e-16
2.5980000e+00                  5.7354667e-16                  5.7354667e-16
2.5981000e+00                  5.3778950e-16                  5.3778950e-16
2.5982000e+00                  5.1499999e-16                  5.1499999e-16
2.5983000e+00                  5.1370292e-16                  5.1370292e-16
2.5984000e+00                  5.4188075e-16                  5.4188075e-16
2.5985000e+00                  6.0649096e-16                  6.0649096e-16
2.5986000e+00                  7.1290096e-16                  7.1290096e-16
2.5987000e+00                  8.6389649e-16                  8.6389649e-16
2.5988000e+00                  1.0581708e-15                  1.0581708e-15
2.5989000e+00                  1.2886760e-15                  1.2886760e-15
2.5990000e+00                  1.5417164e-15                  1.5417164e-15
2.5991000e+00                  1.7978953e-15                  1.7978953e-15
2.5992000e+00                  2.0357482e-15                  2.0357482e-15
2.5993000e+00                  2.2380584e-15                  2.2380584e-15
2.5994000e+00                  2.3996923e-15                  2.3996923e-15
2.5995000e+00                  2.5347545e-15                  2.5347545e-15
2.5996000e+00                  2.6803991e-15                  2.6803991e-15
2.5997000e+00                  2.8949792e-15                  2.8949792e-15
2.5998000e+00                  3.2493554e-15                  3.2493554e-15
2.5999000e+00                  3.8118458e-15                  3.8118458e-15
2.6000000e+00                  4.6291922e-15                  4.6291922e-15
2.6001000e+00                  5.7076763e-15                  5.7076763e-15
2.6002000e+00                  6.9997005e-15                  6.9997005e-15
2.6003000e+00                  8.4011077e-15                  8.4011077e-15
2.6004000e+00                  9.7626725e-15                  9.7626725e-15
2.6005000e+00                  1.0915435e-14                  1.0915435e-14
2.6006000e+00                  1.1704773e-14                  1.1704773e-14
2.6007000e+00                  1.2024172e-14                  1.2024172e-14
2.6008000e+00                  1.1838564e-14                  1.1838564e-14
2.6009000e+00                  1.1190022e-14                  1.1190022e-14
2.6010000e+00                  1.0184527e-14                  1.0184527e-14
2.6011000e+00                  8.9650945e-15                  8.9650945e-15
2.6012000e+00                  7.6806598e-15                  7.6806598e-15
2.6013000e+00                  6.4601576e-15                  6.4601576e-15
2.6014000e+00                  5.3975349e-15                  5.3975349e-15
2.6015000e+00                  4.5483216e-15                  4.5483216e-15
2.6016000e+00                  3.9344156e-15                  3.9344156e-15
2.6017000e+00                  3.5524788e-15                  3.5524788e-15
2.6018000e+00                  3.3825772e-15                  3.3825772e-15
2.6019000e+00                  3.3959502e-15                  3.3959502e-15
2.6020000e+00                  3.5624124e-15                  3.5624124e-15
2.6021000e+00                  3.8580447e-15                  3.8580447e-15
2.6022000e+00                  4.2728314e-15                  4.2728314e-15
2.6023000e+00                  4.8167624e-15                  4.8167624e-15
2.6024000e+00                  5.5226143e-15                  5.5226143e-15
2.6025000e+00                  6.4444881e-15                  6.4444881e-15
2.6026000e+00                  7.6528021e-15                  7.6528021e-15
2.6027000e+00                  9.2280161e-15                  9.2280161e-15
2.6028000e+00                  1.1256158e-14                  1.1256158e-14
2.6029000e+00                  1.3828744e-14                  1.3828744e-14
2.6030000e+00                  1.7047673e-14                  1.7047673e-14
2.6031000e+00                  2.1032065e-14                  2.1032065e-14
2.6032000e+00                  2.5919441e-14                  2.5919441e-14
2.6033000e+00                  3.1850077e-14                  3.1850077e-14
2.6034000e+00                  3.8924069e-14                  3.8924069e-14
2.6035000e+00                  4.7128975e-14                  4.7128975e-14
2.6036000e+00                  5.6251850e-14                  5.6251850e-14
2.6037000e+00                  6.5807828e-14                  6.5807828e-14
2.6038000e+00                  7.5027514e-14                  7.5027514e-14
2.6039000e+00                  8.2937041e-14                  8.2937041e-14
2.6040000e+00                  8.8534508e-14                  8.8534508e-14
2.6041000e+00                  9.1024207e-14                  9.1024207e-14
2.6042000e+00                  9.0035058e-14                  9.0035058e-14
2.6043000e+00                  8.5742427e-14                  8.5742427e-14
2.6044000e+00                  7.8841184e-14                  7.8841184e-14
2.6045000e+00                  7.0372608e-14                  7.0372608e-14
2.6046000e+00                  6.1463833e-14                  6.1463833e-14
2.6047000e+00                  5.3069909e-14                  5.3069909e-14
2.6048000e+00                  4.5801366e-14                  4.5801366e-14
2.6049000e+00                  3.9880235e-14                  3.9880235e-14
2.6050000e+00                  3.5215250e-14                  3.5215250e-14
2.6051000e+00                  3.1546671e-14                  3.1546671e-14
2.6052000e+00                  2.8597948e-14                  2.8597948e-14
2.6053000e+00                  2.6185876e-14                  2.6185876e-14
2.6054000e+00                  2.4271171e-14                  2.4271171e-14
2.6055000e+00                  2.2960972e-14                  2.2960972e-14
2.6056000e+00                  2.2490821e-14                  2.2490821e-14
2.6057000e+00                  2.3211661e-14                  2.3211661e-14
2.6058000e+00                  2.5591088e-14                  2.5591088e-14
2.6059000e+00                  3.0216242e-14                  3.0216242e-14
2.6060000e+00                  3.7768345e-14                  3.7768345e-14
2.6061000e+00                  4.8934621e-14                  4.8934621e-14
2.6062000e+00                  6.4237692e-14                  6.4237692e-14
2.6063000e+00                  8.3795746e-14                  8.3795746e-14
2.6064000e+00                  1.0707073e-13                  1.0707073e-13
2.6065000e+00                  1.3269915e-13                  1.3269915e-13
2.6066000e+00                  1.5850784e-13                  1.5850784e-13
2.6067000e+00                  1.8177884e-13                  1.8177884e-13
2.6068000e+00                  1.9974495e-13                  1.9974495e-13
2.6069000e+00                  2.1019884e-13                  2.1019884e-13
2.6070000e+00                  2.1202925e-13                  2.1202925e-13
2.6071000e+00                  2.0549766e-13                  2.0549766e-13
2.6072000e+00                  1.9215004e-13                  1.9215004e-13
2.6073000e+00                  1.7439043e-13                  1.7439043e-13
2.6074000e+00                  1.5486889e-13                  1.5486889e-13
2.6075000e+00                  1.3589768e-13                  1.3589768e-13
2.6076000e+00                  1.1908060e-13                  1.1908060e-13
2.6077000e+00                  1.0523838e-13                  1.0523838e-13
2.6078000e+00                  9.4589061e-14                  9.4589061e-14
2.6079000e+00                  8.7050386e-14                  8.7050386e-14
2.6080000e+00                  8.2508036e-14                  8.2508036e-14
2.6081000e+00                  8.0938015e-14                  8.0938015e-14
2.6082000e+00                  8.2357236e-14                  8.2357236e-14
2.6083000e+00                  8.6662569e-14                  8.6662569e-14
2.6084000e+00                  9.3470518e-14                  9.3470518e-14
2.6085000e+00                  1.0206895e-13                  1.0206895e-13
2.6086000e+00                  1.1154158e-13                  1.1154158e-13
2.6087000e+00                  1.2104618e-13                  1.2104618e-13
2.6088000e+00                  1.3015149e-13                  1.3015149e-13
2.6089000e+00                  1.3909839e-13                  1.3909839e-13
2.6090000e+00                  1.4886930e-13                  1.4886930e-13
2.6091000e+00                  1.6102352e-13                  1.6102352e-13
2.6092000e+00                  1.7735467e-13                  1.7735467e-13
2.6093000e+00                  1.9950330e-13                  1.9950330e-13
2.6094000e+00                  2.2866897e-13                  2.2866897e-13
2.6095000e+00                  2.6549889e-13                  2.6549889e-13
2.6096000e+00                  3.1011595e-13                  3.1011595e-13
2.6097000e+00                  3.6215566e-13                  3.6215566e-13
2.6098000e+00                  4.2067871e-13                  4.2067871e-13
2.6099000e+00                  4.8394226e-13                  4.8394226e-13
2.6100000e+00                  5.4920289e-13                  5.4920289e-13
2.6101000e+00                  6.1287915e-13                  6.1287915e-13
2.6102000e+00                  6.7140370e-13                  6.7140370e-13
2.6103000e+00                  7.2288459e-13                  7.2288459e-13
2.6104000e+00                  7.6931721e-13                  7.6931721e-13
2.6105000e+00                  8.1868429e-13                  8.1868429e-13
2.6106000e+00                  8.8602268e-13                  8.8602268e-13
2.6107000e+00                  9.9255670e-13                  9.9255670e-13
2.6108000e+00                  1.1623486e-12                  1.1623486e-12
2.6109000e+00                  1.4165634e-12                  1.4165634e-12
2.6110000e+00                  1.7662752e-12                  1.7662752e-12
2.6111000e+00                  2.2055653e-12                  2.2055653e-12
2.6112000e+00                  2.7071810e-12                  2.7071810e-12
2.6113000e+00                  3.2229116e-12                  3.2229116e-12
2.6114000e+00                  3.6898535e-12                  3.6898535e-12
2.6115000e+00                  4.0419778e-12                  4.0419778e-12
2.6116000e+00                  4.2244054e-12                  4.2244054e-12
2.6117000e+00                  4.2063902e-12                  4.2063902e-12
2.6118000e+00                  3.9889705e-12                  3.9889705e-12
2.6119000e+00                  3.6048089e-12                  3.6048089e-12
2.6120000e+00                  3.1103446e-12                  3.1103446e-12
2.6121000e+00                  2.5729371e-12                  2.5729371e-12
2.6122000e+00                  2.0570806e-12                  2.0570806e-12
2.6123000e+00                  1.6135016e-12                  1.6135016e-12
2.6124000e+00                  1.2733411e-12                  1.2733411e-12
2.6125000e+00                  1.0475539e-12                  1.0475539e-12
2.6126000e+00                  9.3011178e-13                  9.3011178e-13
2.6127000e+00                  9.0308325e-13                  9.0308325e-13
2.6128000e+00                  9.4210013e-13                  9.4210013e-13
2.6129000e+00                  1.0215785e-12                  1.0215785e-12
2.6130000e+00                  1.1197261e-12                  1.1197261e-12
2.6131000e+00                  1.2234892e-12                  1.2234892e-12
2.6132000e+00                  1.3331707e-12                  1.3331707e-12
2.6133000e+00                  1.4658039e-12                  1.4658039e-12
2.6134000e+00                  1.6558546e-12                  1.6558546e-12
2.6135000e+00                  1.9517870e-12                  1.9517870e-12
2.6136000e+00                  2.4075927e-12                  2.4075927e-12
2.6137000e+00                  3.0695802e-12                  3.0695802e-12
2.6138000e+00                  3.9603854e-12                  3.9603854e-12
2.6139000e+00                  5.0639165e-12                  5.0639165e-12
2.6140000e+00                  6.3161220e-12                  6.3161220e-12
2.6141000e+00                  7.6062574e-12                  7.6062574e-12
2.6142000e+00                  8.7911410e-12                  8.7911410e-12
2.6143000e+00                  9.7209468e-12                  9.7209468e-12
2.6144000e+00                  1.0270613e-11                  1.0270613e-11
2.6145000e+00                  1.0367917e-11                  1.0367917e-11
2.6146000e+00                  1.0009406e-11                  1.0009406e-11
2.6147000e+00                  9.2590992e-12                  9.2590992e-12
2.6148000e+00                  8.2308238e-12                  8.2308238e-12
2.6149000e+00                  7.0606231e-12                  7.0606231e-12
2.6150000e+00                  5.8784095e-12                  5.8784095e-12
2.6151000e+00                  4.7869446e-12                  4.7869446e-12
2.6152000e+00                  3.8522134e-12                  3.8522134e-12
2.6153000e+00                  3.1045414e-12                  3.1045414e-12
2.6154000e+00                  2.5465555e-12                  2.5465555e-12
2.6155000e+00                  2.1633313e-12                  2.1633313e-12
2.6156000e+00                  1.9314039e-12                  1.9314039e-12
2.6157000e+00                  1.8254454e-12                  1.8254454e-12
2.6158000e+00                  1.8230224e-12                  1.8230224e-12
2.6159000e+00                  1.9083433e-12                  1.9083433e-12
2.6160000e+00                  2.0754589e-12                  2.0754589e-12
2.6161000e+00                  2.3306690e-12                  2.3306690e-12
2.6162000e+00                  2.6935186e-12                  2.6935186e-12
2.6163000e+00                  3.1960274e-12                  3.1960274e-12
2.6164000e+00                  3.8805162e-12                  3.8805162e-12
2.6165000e+00                  4.7972230e-12                  4.7972230e-12
2.6166000e+00                  6.0033842e-12                  6.0033842e-12
2.6167000e+00                  7.5651918e-12                  7.5651918e-12
2.6168000e+00                  9.5626414e-12                  9.5626414e-12
2.6169000e+00                  1.2094648e-11                  1.2094648e-11
2.6170000e+00                  1.5278501e-11                  1.5278501e-11
2.6171000e+00                  1.9235446e-11                  1.9235446e-11
2.6172000e+00                  2.4055485e-11                  2.4055485e-11
2.6173000e+00                  2.9741378e-11                  2.9741378e-11
2.6174000e+00                  3.6143831e-11                  3.6143831e-11
2.6175000e+00                  4.2912278e-11                  4.2912278e-11
2.6176000e+00                  4.9491161e-11                  4.9491161e-11
2.6177000e+00                  5.5183316e-11                  5.5183316e-11
2.6178000e+00                  5.9279394e-11                  5.9279394e-11
2.6179000e+00                  6.1222879e-11                  6.1222879e-11
2.6180000e+00                  6.0758156e-11                  6.0758156e-11
2.6181000e+00                  5.8007286e-11                  5.8007286e-11
2.6182000e+00                  5.3443477e-11                  5.3443477e-11
2.6183000e+00                  4.7767452e-11                  4.7767452e-11
2.6184000e+00                  4.1729615e-11                  4.1729615e-11
2.6185000e+00                  3.5959301e-11                  3.5959301e-11
2.6186000e+00                  3.0854913e-11                  3.0854913e-11
2.6187000e+00                  2.6560504e-11                  2.6560504e-11
2.6188000e+00                  2.3019835e-11                  2.3019835e-11
2.6189000e+00                  2.0073525e-11                  2.0073525e-11
2.6190000e+00                  1.7557724e-11                  1.7557724e-11
2.6191000e+00                  1.5373288e-11                  1.5373288e-11
2.6192000e+00                  1.3514479e-11                  1.3514479e-11
2.6193000e+00                  1.2065341e-11                  1.2065341e-11
2.6194000e+00                  1.1182044e-11                  1.1182044e-11
2.6195000e+00                  1.1078137e-11                  1.1078137e-11
2.6196000e+00                  1.2019419e-11                  1.2019419e-11
2.6197000e+00                  1.4321603e-11                  1.4321603e-11
2.6198000e+00                  1.8333607e-11                  1.8333607e-11
2.6199000e+00                  2.4387308e-11                  2.4387308e-11
2.6200000e+00                  3.2703990e-11                  3.2703990e-11
2.6201000e+00                  4.3267502e-11                  4.3267502e-11
2.6202000e+00                  5.5698460e-11                  5.5698460e-11
2.6203000e+00                  6.9181934e-11                  6.9181934e-11
2.6204000e+00                  8.2500801e-11                  8.2500801e-11
2.6205000e+00                  9.4201205e-11                  9.4201205e-11
2.6206000e+00                  1.0286971e-10                  1.0286971e-10
2.6207000e+00                  1.0745122e-10                  1.0745122e-10
2.6208000e+00                  1.0750701e-10                  1.0750701e-10
2.6209000e+00                  1.0332142e-10                  1.0332142e-10
2.6210000e+00                  9.5815876e-11                  9.5815876e-11
2.6211000e+00                  8.6299534e-11                  8.6299534e-11
2.6212000e+00                  7.6145908e-11                  7.6145908e-11
2.6213000e+00                  6.6507444e-11                  6.6507444e-11
2.6214000e+00                  5.8155373e-11                  5.8155373e-11
2.6215000e+00                  5.1474346e-11                  5.1474346e-11
2.6216000e+00                  4.6577606e-11                  4.6577606e-11
2.6217000e+00                  4.3466313e-11                  4.3466313e-11
2.6218000e+00                  4.2151227e-11                  4.2151227e-11
2.6219000e+00                  4.2684052e-11                  4.2684052e-11
2.6220000e+00                  4.5093895e-11                  4.5093895e-11
2.6221000e+00                  4.9270562e-11                  4.9270562e-11
2.6222000e+00                  5.4862773e-11                  5.4862773e-11
2.6223000e+00                  6.1256280e-11                  6.1256280e-11
2.6224000e+00                  6.7665460e-11                  6.7665460e-11
2.6225000e+00                  7.3324062e-11                  7.3324062e-11
2.6226000e+00                  7.7715311e-11                  7.7715311e-11
2.6227000e+00                  8.0758561e-11                  8.0758561e-11
2.6228000e+00                  8.2881225e-11                  8.2881225e-11
2.6229000e+00                  8.4948345e-11                  8.4948345e-11
2.6230000e+00                  8.8079110e-11                  8.8079110e-11
2.6231000e+00                  9.3422428e-11                  9.3422428e-11
2.6232000e+00                  1.0196950e-10                  1.0196950e-10
2.6233000e+00                  1.1444639e-10                  1.1444639e-10
2.6234000e+00                  1.3127329e-10                  1.3127329e-10
2.6235000e+00                  1.5253583e-10                  1.5253583e-10
2.6236000e+00                  1.7791882e-10                  1.7791882e-10
2.6237000e+00                  2.0661341e-10                  2.0661341e-10
2.6238000e+00                  2.3729629e-10                  2.3729629e-10
2.6239000e+00                  2.6834198e-10                  2.6834198e-10
2.6240000e+00                  2.9841378e-10                  2.9841378e-10
2.6241000e+00                  3.2746157e-10                  3.2746157e-10
2.6242000e+00                  3.5796170e-10                  3.5796170e-10
2.6243000e+00                  3.9602726e-10                  3.9602726e-10
2.6244000e+00                  4.5187636e-10                  4.5187636e-10
2.6245000e+00                  5.3914048e-10                  5.3914048e-10
2.6246000e+00                  6.7267000e-10                  6.7267000e-10
2.6247000e+00                  8.6486373e-10                  8.6486373e-10
2.6248000e+00                  1.1210770e-09                  1.1210770e-09
2.6249000e+00                  1.4352296e-09                  1.4352296e-09
2.6250000e+00                  1.7871251e-09                  1.7871251e-09
2.6251000e+00                  2.1429393e-09                  2.1429393e-09
2.6252000e+00                  2.4596603e-09                  2.4596603e-09
2.6253000e+00                  2.6930325e-09                  2.6930325e-09
2.6254000e+00                  2.8071736e-09                  2.8071736e-09
2.6255000e+00                  2.7831010e-09                  2.7831010e-09
2.6256000e+00                  2.6234574e-09                  2.6234574e-09
2.6257000e+00                  2.3518638e-09                  2.3518638e-09
2.6258000e+00                  2.0071503e-09                  2.0071503e-09
2.6259000e+00                  1.6344219e-09                  1.6344219e-09
2.6260000e+00                  1.2757915e-09                  1.2757915e-09
2.6261000e+00                  9.6334041e-10                  9.6334041e-10
2.6262000e+00                  7.1571070e-10                  7.1571070e-10
2.6263000e+00                  5.3832026e-10                  5.3832026e-10
2.6264000e+00                  4.2613783e-10                  4.2613783e-10
2.6265000e+00                  3.6760159e-10                  3.6760159e-10
2.6266000e+00                  3.4853308e-10                  3.4853308e-10
2.6267000e+00                  3.5546484e-10                  3.5546484e-10
2.6268000e+00                  3.7830108e-10                  3.7830108e-10
2.6269000e+00                  4.1244391e-10                  4.1244391e-10
2.6270000e+00                  4.6042550e-10                  4.6042550e-10
2.6271000e+00                  5.3281223e-10                  5.3281223e-10
2.6272000e+00                  6.4787421e-10                  6.4787421e-10
2.6273000e+00                  8.2940725e-10                  8.2940725e-10
2.6274000e+00                  1.1022809e-09                  1.1022809e-09
2.6275000e+00                  1.4858270e-09                  1.4858270e-09
2.6276000e+00                  1.9860359e-09                  1.9860359e-09
2.6277000e+00                  2.5884649e-09                  2.5884649e-09
2.6278000e+00                  3.2543899e-09                  3.2543899e-09
2.6279000e+00                  3.9225454e-09                  3.9225454e-09
2.6280000e+00                  4.5175309e-09                  4.5175309e-09
2.6281000e+00                  4.9637869e-09                  4.9637869e-09
2.6282000e+00                  5.2017402e-09                  5.2017402e-09
2.6283000e+00                  5.2013527e-09                  5.2013527e-09
2.6284000e+00                  4.9687077e-09                  4.9687077e-09
2.6285000e+00                  4.5434971e-09                  4.5434971e-09
2.6286000e+00                  3.9884426e-09                  3.9884426e-09
2.6287000e+00                  3.3744080e-09                  3.3744080e-09
2.6288000e+00                  2.7660393e-09                  2.7660393e-09
2.6289000e+00                  2.2118729e-09                  2.2118729e-09
2.6290000e+00                  1.7406085e-09                  1.7406085e-09
2.6291000e+00                  1.3628291e-09                  1.3628291e-09
2.6292000e+00                  1.0759221e-09                  1.0759221e-09
2.6293000e+00                  8.6972037e-10                  8.6972037e-10
2.6294000e+00                  7.3117073e-10                  7.3117073e-10
2.6295000e+00                  6.4746110e-10                  6.4746110e-10
2.6296000e+00                  6.0789682e-10                  6.0789682e-10
2.6297000e+00                  6.0511247e-10                  6.0511247e-10
2.6298000e+00                  6.3603712e-10                  6.3603712e-10
2.6299000e+00                  7.0268068e-10                  7.0268068e-10
2.6300000e+00                  8.1256486e-10                  8.1256486e-10
2.6301000e+00                  9.7863157e-10                  9.7863157e-10
2.6302000e+00                  1.2187142e-09                  1.2187142e-09
2.6303000e+00                  1.5550215e-09                  1.5550215e-09
2.6304000e+00                  2.0143472e-09                  2.0143472e-09
2.6305000e+00                  2.6296131e-09                  2.6296131e-09
2.6306000e+00                  3.4426380e-09                  3.4426380e-09
2.6307000e+00                  4.5066416e-09                  4.5066416e-09
2.6308000e+00                  5.8853586e-09                  5.8853586e-09
2.6309000e+00                  7.6446993e-09                  7.6446993e-09
2.6310000e+00                  9.8339383e-09                  9.8339383e-09
2.6311000e+00                  1.2457216e-08                  1.2457216e-08
2.6312000e+00                  1.5442083e-08                  1.5442083e-08
2.6313000e+00                  1.8617405e-08                  1.8617405e-08
2.6314000e+00                  2.1714620e-08                  2.1714620e-08
2.6315000e+00                  2.4401310e-08                  2.4401310e-08
2.6316000e+00                  2.6344727e-08                  2.6344727e-08
2.6317000e+00                  2.7289356e-08                  2.7289356e-08
2.6318000e+00                  2.7123471e-08                  2.7123471e-08
2.6319000e+00                  2.5910375e-08                  2.5910375e-08
2.6320000e+00                  2.3871533e-08                  2.3871533e-08
2.6321000e+00                  2.1326684e-08                  2.1326684e-08
2.6322000e+00                  1.8611982e-08                  1.8611982e-08
2.6323000e+00                  1.6004237e-08                  1.6004237e-08
2.6324000e+00                  1.3674589e-08                  1.3674589e-08
2.6325000e+00                  1.1681496e-08                  1.1681496e-08
2.6326000e+00                  9.9974867e-09                  9.9974867e-09
2.6327000e+00                  8.5534455e-09                  8.5534455e-09
2.6328000e+00                  7.2818000e-09                  7.2818000e-09
2.6329000e+00                  6.1452812e-09                  6.1452812e-09
2.6330000e+00                  5.1470442e-09                  5.1470442e-09
2.6331000e+00                  4.3262604e-09                  4.3262604e-09
2.6332000e+00                  3.7475219e-09                  3.7475219e-09
2.6333000e+00                  3.4916345e-09                  3.4916345e-09
2.6334000e+00                  3.6509341e-09                  3.6509341e-09
2.6335000e+00                  4.3267277e-09                  4.3267277e-09
2.6336000e+00                  5.6225237e-09                  5.6225237e-09
2.6337000e+00                  7.6264068e-09                  7.6264068e-09
2.6338000e+00                  1.0379932e-08                  1.0379932e-08
2.6339000e+00                  1.3838324e-08                  1.3838324e-08
2.6340000e+00                  1.7834788e-08                  1.7834788e-08
2.6341000e+00                  2.2066440e-08                  2.2066440e-08
2.6342000e+00                  2.6116956e-08                  2.6116956e-08
2.6343000e+00                  2.9520492e-08                  2.9520492e-08
2.6344000e+00                  3.1855417e-08                  3.1855417e-08
2.6345000e+00                  3.2841730e-08                  3.2841730e-08
2.6346000e+00                  3.2410030e-08                  3.2410030e-08
2.6347000e+00                  3.0717143e-08                  3.0717143e-08
2.6348000e+00                  2.8101953e-08                  2.8101953e-08
2.6349000e+00                  2.4997188e-08                  2.4997188e-08
2.6350000e+00                  2.1828746e-08                  2.1828746e-08
2.6351000e+00                  1.8936697e-08                  1.8936697e-08
2.6352000e+00                  1.6540600e-08                  1.6540600e-08
2.6353000e+00                  1.4752078e-08                  1.4752078e-08
2.6354000e+00                  1.3618519e-08                  1.3618519e-08
2.6355000e+00                  1.3171225e-08                  1.3171225e-08
2.6356000e+00                  1.3452579e-08                  1.3452579e-08
2.6357000e+00                  1.4508475e-08                  1.4508475e-08
2.6358000e+00                  1.6348996e-08                  1.6348996e-08
2.6359000e+00                  1.8895754e-08                  1.8895754e-08
2.6360000e+00                  2.1942535e-08                  2.1942535e-08
2.6361000e+00                  2.5153546e-08                  2.5153546e-08
2.6362000e+00                  2.8110775e-08                  2.8110775e-08
2.6363000e+00                  3.0402856e-08                  3.0402856e-08
2.6364000e+00                  3.1729744e-08                  3.1729744e-08
2.6365000e+00                  3.1988409e-08                  3.1988409e-08
2.6366000e+00                  3.1309638e-08                  3.1309638e-08
2.6367000e+00                  3.0033615e-08                  3.0033615e-08
2.6368000e+00                  2.8634778e-08                  2.8634778e-08
2.6369000e+00                  2.7623859e-08                  2.7623859e-08
2.6370000e+00                  2.7458908e-08                  2.7458908e-08
2.6371000e+00                  2.8486325e-08                  2.8486325e-08
2.6372000e+00                  3.0914571e-08                  3.0914571e-08
2.6373000e+00                  3.4808748e-08                  3.4808748e-08
2.6374000e+00                  4.0093273e-08                  4.0093273e-08
2.6375000e+00                  4.6564431e-08                  4.6564431e-08
2.6376000e+00                  5.3937013e-08                  5.3937013e-08
2.6377000e+00                  6.1965500e-08                  6.1965500e-08
2.6378000e+00                  7.0676106e-08                  7.0676106e-08
2.6379000e+00                  8.0714218e-08                  8.0714218e-08
2.6380000e+00                  9.3755086e-08                  9.3755086e-08
2.6381000e+00                  1.1285704e-07                  1.1285704e-07
2.6382000e+00                  1.4257709e-07                  1.4257709e-07
2.6383000e+00                  1.8864592e-07                  1.8864592e-07
2.6384000e+00                  2.5704500e-07                  2.5704500e-07
2.6385000e+00                  3.5246713e-07                  3.5246713e-07
2.6386000e+00                  4.7637286e-07                  4.7637286e-07
2.6387000e+00                  6.2512532e-07                  6.2512532e-07
2.6388000e+00                  7.8888286e-07                  7.8888286e-07
2.6389000e+00                  9.5191506e-07                  9.5191506e-07
2.6390000e+00                  1.0946920e-06                  1.0946920e-06
2.6391000e+00                  1.1975196e-06                  1.1975196e-06
2.6392000e+00                  1.2448564e-06                  1.2448564e-06
2.6393000e+00                  1.2290373e-06                  1.2290373e-06
2.6394000e+00                  1.1521938e-06                  1.1521938e-06
2.6395000e+00                  1.0257146e-06                  1.0257146e-06
2.6396000e+00                  8.6743980e-07                  8.6743980e-07
2.6397000e+00                  6.9753729e-07                  6.9753729e-07
2.6398000e+00                  5.3436985e-07                  5.3436985e-07
2.6399000e+00                  3.9148856e-07                  3.9148856e-07
2.6400000e+00                  2.7633802e-07                  2.7633802e-07
2.6401000e+00                  1.9060880e-07                  1.9060880e-07
2.6402000e+00                  1.3170494e-07                  1.3170494e-07
2.6403000e+00                  9.4641854e-08                  9.4641854e-08
2.6404000e+00                  7.3817232e-08                  7.3817232e-08
2.6405000e+00                  6.4362328e-08                  6.4362328e-08
2.6406000e+00                  6.3029109e-08                  6.3029109e-08
2.6407000e+00                  6.8706102e-08                  6.8706102e-08
2.6408000e+00                  8.2663766e-08                  8.2663766e-08
2.6409000e+00                  1.0854788e-07                  1.0854788e-07
2.6410000e+00                  1.5203077e-07                  1.5203077e-07
2.6411000e+00                  2.1996342e-07                  2.1996342e-07
2.6412000e+00                  3.1890444e-07                  3.1890444e-07
2.6413000e+00                  4.5306858e-07                  4.5306858e-07
2.6414000e+00                  6.2201812e-07                  6.2201812e-07
2.6415000e+00                  8.1872557e-07                  8.1872557e-07
2.6416000e+00                  1.0288074e-06                  1.0288074e-06
2.6417000e+00                  1.2316058e-06                  1.2316058e-06
2.6418000e+00                  1.4033137e-06                  1.4033137e-06
2.6419000e+00                  1.5216109e-06                  1.5216109e-06
2.6420000e+00                  1.5705930e-06                  1.5705930e-06
2.6421000e+00                  1.5444746e-06                  1.5444746e-06
2.6422000e+00                  1.4488384e-06                  1.4488384e-06
2.6423000e+00                  1.2990207e-06                  1.2990207e-06
2.6424000e+00                  1.1162204e-06                  1.1162204e-06
2.6425000e+00                  9.2266646e-07                  9.2266646e-07
2.6426000e+00                  7.3734967e-07                  7.3734967e-07
2.6427000e+00                  5.7340762e-07                  5.7340762e-07
2.6428000e+00                  4.3750020e-07                  4.3750020e-07
2.6429000e+00                  3.3079390e-07                  3.3079390e-07
2.6430000e+00                  2.5077674e-07                  2.5077674e-07
2.6431000e+00                  1.9312640e-07                  1.9312640e-07
2.6432000e+00                  1.5313639e-07                  1.5313639e-07
2.6433000e+00                  1.2656367e-07                  1.2656367e-07
2.6434000e+00                  1.1002360e-07                  1.1002360e-07
2.6435000e+00                  1.0115266e-07                  1.0115266e-07
2.6436000e+00                  9.8712954e-08                  9.8712954e-08
2.6437000e+00                  1.0270255e-07                  1.0270255e-07
2.6438000e+00                  1.1444408e-07                  1.1444408e-07
2.6439000e+00                  1.3659807e-07                  1.3659807e-07
2.6440000e+00                  1.7309814e-07                  1.7309814e-07
2.6441000e+00                  2.2910205e-07                  2.2910205e-07
2.6442000e+00                  3.1113143e-07                  3.1113143e-07
2.6443000e+00                  4.2754898e-07                  4.2754898e-07
2.6444000e+00                  5.8932414e-07                  5.8932414e-07
2.6445000e+00                  8.1066857e-07                  8.1066857e-07
2.6446000e+00                  1.1087129e-06                  1.1087129e-06
2.6447000e+00                  1.5012167e-06                  1.5012167e-06
2.6448000e+00                  2.0016567e-06                  2.0016567e-06
2.6449000e+00                  2.6120579e-06                  2.6120579e-06
2.6450000e+00                  3.3153862e-06                  3.3153862e-06
2.6451000e+00                  4.0705525e-06                  4.0705525e-06
2.6452000e+00                  4.8132581e-06                  4.8132581e-06
2.6453000e+00                  5.4645114e-06                  5.4645114e-06
2.6454000e+00                  5.9458792e-06                  5.9458792e-06
2.6455000e+00                  6.1974886e-06                  6.1974886e-06
2.6456000e+00                  6.1929513e-06                  6.1929513e-06
2.6457000e+00                  5.9458667e-06                  5.9458667e-06
2.6458000e+00                  5.5054042e-06                  5.5054042e-06
2.6459000e+00                  4.9424985e-06                  4.9424985e-06
2.6460000e+00                  4.3315970e-06                  4.3315970e-06
2.6461000e+00                  3.7341723e-06                  3.7341723e-06
2.6462000e+00                  3.1889258e-06                  3.1889258e-06
2.6463000e+00                  2.7105560e-06                  2.7105560e-06
2.6464000e+00                  2.2956407e-06                  2.2956407e-06
2.6465000e+00                  1.9320106e-06                  1.9320106e-06
2.6466000e+00                  1.6076381e-06                  1.6076381e-06
2.6467000e+00                  1.3163069e-06                  1.3163069e-06
2.6468000e+00                  1.0593022e-06                  1.0593022e-06
2.6469000e+00                  8.4408536e-07                  8.4408536e-07
2.6470000e+00                  6.8173315e-07                  6.8173315e-07
2.6471000e+00                  5.8469656e-07                  5.8469656e-07
2.6472000e+00                  5.6551577e-07                  5.6551577e-07
2.6473000e+00                  6.3607507e-07                  6.3607507e-07
2.6474000e+00                  8.0635031e-07                  8.0635031e-07
2.6475000e+00                  1.0817031e-06                  1.0817031e-06
2.6476000e+00                  1.4586039e-06                  1.4586039e-06
2.6477000e+00                  1.9198760e-06                  1.9198760e-06
2.6478000e+00                  2.4315692e-06                  2.4315692e-06
2.6479000e+00                  2.9437759e-06                  2.9437759e-06
2.6480000e+00                  3.3967608e-06                  3.3967608e-06
2.6481000e+00                  3.7318456e-06                  3.7318456e-06
2.6482000e+00                  3.9043321e-06                  3.9043321e-06
2.6483000e+00                  3.8943769e-06                  3.8943769e-06
2.6484000e+00                  3.7119783e-06                  3.7119783e-06
2.6485000e+00                  3.3941683e-06                  3.3941683e-06
2.6486000e+00                  2.9953790e-06                  2.9953790e-06
2.6487000e+00                  2.5744906e-06                  2.5744906e-06
2.6488000e+00                  2.1831358e-06                  2.1831358e-06
2.6489000e+00                  1.8590016e-06                  1.8590016e-06
2.6490000e+00                  1.6255916e-06                  1.6255916e-06
2.6491000e+00                  1.4972045e-06                  1.4972045e-06
2.6492000e+00                  1.4858631e-06                  1.4858631e-06
2.6493000e+00                  1.6062764e-06                  1.6062764e-06
2.6494000e+00                  1.8757907e-06                  1.8757907e-06
2.6495000e+00                  2.3083267e-06                  2.3083267e-06
2.6496000e+00                  2.9038632e-06                  2.9038632e-06
2.6497000e+00                  3.6372918e-06                  3.6372918e-06
2.6498000e+00                  4.4516109e-06                  4.4516109e-06
2.6499000e+00                  5.2597936e-06                  5.2597936e-06
2.6500000e+00                  5.9571288e-06                  5.9571288e-06
2.6501000e+00                  6.4420401e-06                  6.4420401e-06
2.6502000e+00                  6.6397270e-06                  6.6397272e-06
2.6503000e+00                  6.5211017e-06                  6.5211025e-06
2.6504000e+00                  6.1104804e-06                  6.1104837e-06
2.6505000e+00                  5.4791804e-06                  5.4791933e-06
2.6506000e+00                  4.7271037e-06                  4.7271514e-06
2.6507000e+00                  3.9584756e-06                  3.9586434e-06
2.6508000e+00                  3.2594780e-06                  3.2600383e-06
2.6509000e+00                  2.6841176e-06                  2.6858918e-06
2.6510000e+00                  2.2511660e-06                  2.2564935e-06
2.6511000e+00                  1.9510113e-06                  1.9661807e-06
2.6512000e+00                  1.7583148e-06                  1.7992740e-06
2.6513000e+00                  1.6453300e-06                  1.7502035e-06
2.6514000e+00                  1.5915984e-06                  1.8462313e-06
2.6515000e+00                  1.5878619e-06                  2.1741305e-06
2.6516000e+00                  1.6344773e-06                  2.9144842e-06
2.6517000e+00                  1.7365309e-06                  4.3866273e-06
2.6518000e+00                  1.8986150e-06                  7.1015051e-06
2.6519000e+00                  2.1216779e-06                  1.1808052e-05
2.6520000e+00                  2.4028031e-06                  1.9503408e-05
2.6521000e+00                  2.7369391e-06                  3.1365224e-05
2.6522000e+00                  3.1183845e-06                  4.8566178e-05
2.6523000e+00                  3.5399346e-06                  7.1956916e-05
2.6524000e+00                  3.9890716e-06                  1.0165625e-04
2.6525000e+00                  4.4427607e-06                  1.3665358e-04
2.6526000e+00                  4.8640794e-06                  1.7457859e-04
2.6527000e+00                  5.2039561e-06                  2.1179171e-04
2.6528000e+00                  5.4094097e-06                  2.4387395e-04
2.6529000e+00                  5.4366030e-06                  2.6645834e-04
2.6530000e+00                  5.2643098e-06                  2.7619810e-04
2.6531000e+00                  4.9025131e-06                  2.7157811e-04
2.6532000e+00                  4.3923904e-06                  2.5329934e-04
2.6533000e+00                  3.7972357e-06                  2.2410228e-04
2.6534000e+00                  3.1873521e-06                  1.8809105e-04
2.6535000e+00                  2.6240510e-06                  1.4978784e-04
2.6536000e+00                  2.1478059e-06                  1.1321666e-04
2.6537000e+00                  1.7736140e-06                  8.1266317e-05
2.6538000e+00                  1.4937959e-06                  5.5449589e-05
2.6539000e+00                  1.2860255e-06                  3.6028507e-05
2.6540000e+00                  1.1231752e-06                  2.2373677e-05
2.6541000e+00                  9.8173904e-07                  1.3397259e-05
2.6542000e+00                  8.4679449e-07                  7.9330938e-06
2.6543000e+00                  7.1302114e-07                  5.0008782e-06
2.6544000e+00                  5.8261965e-07                  3.9499146e-06
2.6545000e+00                  4.6167713e-07                  4.5112181e-06
2.6546000e+00                  3.5654846e-07                  6.7910271e-06
2.6547000e+00                  2.7134088e-07                  1.1222870e-05
2.6548000e+00                  2.0690851e-07                  1.8473783e-05
2.6549000e+00                  1.6117060e-07                  2.9287560e-05
2.6550000e+00                  1.3023229e-07                  4.4254522e-05
2.6551000e+00                  1.0973522e-07                  6.3525974e-05
2.6552000e+00                  9.6016556e-08                  8.6533828e-05
2.6553000e+00                  8.6890736e-08                  1.1181225e-04
2.6554000e+00                  8.2083489e-08                  1.3702388e-04
2.6555000e+00                  8.3477740e-08                  1.5925103e-04
2.6556000e+00                  9.5346621e-08                  1.7552654e-04
2.6557000e+00                  1.2464646e-07                  1.8347965e-04
2.6558000e+00                  1.8124635e-07                  1.8190527e-04
2.6559000e+00                  2.7774239e-07                  1.7106897e-04
2.6560000e+00                  4.2835234e-07                  1.5264158e-04
2.6561000e+00                  6.4644783e-07                  1.2928550e-04
2.6562000e+00                  9.4066333e-07                  1.0403313e-04
2.6563000e+00                  1.3102074e-06                  7.9655812e-05
2.6564000e+00                  1.7407790e-06                  5.8200142e-05
2.6565000e+00                  2.2029710e-06                  4.0785522e-05
2.6566000e+00                  2.6548029e-06                  2.7657078e-05
2.6567000e+00                  3.0488961e-06                  1.8412806e-05
2.6568000e+00                  3.3430280e-06                  1.2295801e-05
2.6569000e+00                  3.5110978e-06                  8.4581566e-06
2.6570000e+00                  3.5507448e-06                  6.1429551e-06
2.6571000e+00                  3.4845498e-06                  4.7725841e-06
2.6572000e+00                  3.3538085e-06                  3.9607152e-06
2.6573000e+00                  3.2065281e-06                  3.4777219e-06
2.6574000e+00                  3.0834454e-06                  3.1984241e-06
2.6575000e+00                  3.0066221e-06                  3.0530640e-06
2.6576000e+00                  2.9742391e-06                  2.9927054e-06
2.6577000e+00                  2.9630176e-06                  2.9719906e-06
2.6578000e+00                  2.9370955e-06                  2.9466759e-06
2.6579000e+00                  2.8601475e-06                  2.8807022e-06
2.6580000e+00                  2.7067151e-06                  2.7573892e-06
2.6581000e+00                  2.4693188e-06                  2.5910175e-06
2.6582000e+00                  2.1596286e-06                  2.4377050e-06
2.6583000e+00                  1.8040865e-06                  2.4068562e-06
2.6584000e+00                  1.4360994e-06                  2.6751628e-06
2.6585000e+00                  1.0876756e-06                  3.5029798e-06
2.6586000e+00                  7.8302087e-07                  5.2476365e-06
2.6587000e+00                  5.3545562e-07                  8.3612780e-06
2.6588000e+00                  3.4766343e-07                  1.3355633e-05
2.6589000e+00                  2.1426339e-07                  2.0717512e-05
2.6590000e+00                  1.2531329e-07                  3.0771008e-05
2.6591000e+00                  6.9540888e-08                  4.3505548e-05
2.6592000e+00                  3.6612666e-08                  5.8416592e-05
2.6593000e+00                  1.8287029e-08                  7.4424911e-05
2.6594000e+00                  8.6650256e-09                  8.9936243e-05
2.6595000e+00                  3.8952742e-09                  1.0306809e-04
2.6596000e+00                  1.6616254e-09                  1.1201155e-04
2.6597000e+00                  6.7291351e-10                  1.1543595e-04
2.6598000e+00                  2.5898668e-10                  1.1281201e-04
2.6599000e+00                  9.4958730e-11                  1.0454522e-04
2.6600000e+00                  3.3357025e-11                  9.1872805e-05
2.6601000e+00                  1.1383136e-11                  7.6560289e-05
2.6602000e+00                  3.9108261e-12                  6.0499785e-05
2.6603000e+00                  1.4826259e-12                  4.5335431e-05
2.6604000e+00                  7.4905282e-13                  3.2214790e-05
2.6605000e+00                  5.9838258e-13                  2.1707334e-05
2.6606000e+00                  6.9182862e-13                  1.3870474e-05
2.6607000e+00                  9.4193795e-13                  8.4044591e-06
2.6608000e+00                  1.3346497e-12                  4.8290522e-06
2.6609000e+00                  1.8679138e-12                  2.6311632e-06
2.6610000e+00                  2.5280339e-12                  1.3594636e-06
2.6611000e+00                  3.2797326e-12                  6.6607306e-07
2.6612000e+00                  4.0644892e-12                  3.0946533e-07
2.6613000e+00                  4.8065443e-12                  1.3634581e-07
2.6614000e+00                  5.4255587e-12                  5.6966780e-08
2.6615000e+00                  5.8527907e-12                  2.2572537e-08
2.6616000e+00                  6.0459035e-12                  8.4839564e-09
2.6617000e+00                  5.9974810e-12                  3.0262519e-09
2.6618000e+00                  5.7343755e-12                  1.0260437e-09
2.6619000e+00                  5.3083945e-12                  3.3216239e-10
2.6620000e+00                  4.7820122e-12                  1.0407290e-10
2.6621000e+00                  4.2142861e-12                  3.2816430e-11
2.6622000e+00                  3.6513683e-12                  1.1464433e-11
2.6623000e+00                  3.1235006e-12                  5.1473485e-12
2.6624000e+00                  2.6475255e-12                  3.1446532e-12
2.6625000e+00                  2.2320910e-12                  2.3478865e-12
2.6626000e+00                  1.8824826e-12                  1.9080596e-12
2.6627000e+00                  1.6031262e-12                  1.6084834e-12
2.6628000e+00                  1.3974242e-12                  1.3984882e-12
2.6629000e+00                  1.2658963e-12                  1.2660967e-12
2.6630000e+00                  1.2041662e-12                  1.2042020e-12
2.6631000e+00                  1.2021996e-12                  1.2022056e-12
2.6632000e+00                  1.2456325e-12                  1.2456335e-12
2.6633000e+00                  1.3193045e-12                  1.3193046e-12
2.6634000e+00                  1.4123806e-12                  1.4123806e-12
2.6635000e+00                  1.5238083e-12                  1.5238083e-12
2.6636000e+00                  1.6664132e-12                  1.6664132e-12
2.6637000e+00                  1.8678808e-12                  1.8678808e-12
2.6638000e+00                  2.1673798e-12                  2.1673798e-12
2.6639000e+00                  2.6076950e-12                  2.6076950e-12
2.6640000e+00                  3.2242919e-12                  3.2242919e-12
2.6641000e+00                  4.0342297e-12                  4.0342297e-12
2.6642000e+00                  5.0286351e-12                  5.0286351e-12
2.6643000e+00                  6.1718896e-12                  6.1718896e-12
2.6644000e+00                  7.4085828e-12                  7.4085828e-12
2.6645000e+00                  8.6761879e-12                  8.6761879e-12
2.6646000e+00                  9.9186693e-12                  9.9186693e-12
2.6647000e+00                  1.1095439e-11                  1.1095439e-11
2.6648000e+00                  1.2182149e-11                  1.2182149e-11
2.6649000e+00                  1.3164127e-11                  1.3164127e-11
2.6650000e+00                  1.4027609e-11                  1.4027609e-11
2.6651000e+00                  1.4755665e-11                  1.4755665e-11
2.6652000e+00                  1.5333249e-11                  1.5333249e-11
2.6653000e+00                  1.5760170e-11                  1.5760170e-11
2.6654000e+00                  1.6064946e-11                  1.6064946e-11
2.6655000e+00                  1.6310182e-11                  1.6310182e-11
2.6656000e+00                  1.6583016e-11                  1.6583016e-11
2.6657000e+00                  1.6971293e-11                  1.6971293e-11
2.6658000e+00                  1.7533836e-11                  1.7533836e-11
2.6659000e+00                  1.8277610e-11                  1.8277610e-11
2.6660000e+00                  1.9153318e-11                  1.9153318e-11
2.6661000e+00                  2.0074614e-11                  2.0074614e-11
2.6662000e+00                  2.0957458e-11                  2.0957458e-11
2.6663000e+00                  2.1769247e-11                  2.1769247e-11
2.6664000e+00                  2.2575488e-11                  2.2575488e-11
2.6665000e+00                  2.3576405e-11                  2.3576405e-11
2.6666000e+00                  2.5135189e-11                  2.5135189e-11
2.6667000e+00                  2.7809053e-11                  2.7809053e-11
2.6668000e+00                  3.2397021e-11                  3.2397021e-11
2.6669000e+00                  4.0008683e-11                  4.0008683e-11
2.6670000e+00                  5.2134117e-11                  5.2134117e-11
2.6671000e+00                  7.0662901e-11                  7.0662901e-11
2.6672000e+00                  9.7773927e-11                  9.7773927e-11
2.6673000e+00                  1.3561804e-10                  1.3561804e-10
2.6674000e+00                  1.8576026e-10                  1.8576026e-10
2.6675000e+00                  2.4844130e-10                  2.4844130e-10
2.6676000e+00                  3.2183725e-10                  3.2183725e-10
2.6677000e+00                  4.0159262e-10                  4.0159262e-10
2.6678000e+00                  4.8091266e-10                  4.8091266e-10
2.6679000e+00                  5.5138313e-10                  5.5138313e-10
2.6680000e+00                  6.0445047e-10                  6.0445047e-10
2.6681000e+00                  6.3322190e-10                  6.3322190e-10
2.6682000e+00                  6.3405853e-10                  6.3405853e-10
2.6683000e+00                  6.0743987e-10                  6.0743987e-10
2.6684000e+00                  5.5780154e-10                  5.5780154e-10
2.6685000e+00                  4.9240491e-10                  4.9240491e-10
2.6686000e+00                  4.1963277e-10                  4.1963277e-10
2.6687000e+00                  3.4727502e-10                  3.4727502e-10
2.6688000e+00                  2.8131222e-10                  2.8131222e-10
2.6689000e+00                  2.2547690e-10                  2.2547690e-10
2.6690000e+00                  1.8159318e-10                  1.8159318e-10
2.6691000e+00                  1.5048499e-10                  1.5048499e-10
2.6692000e+00                  1.3315460e-10                  1.3315460e-10
2.6693000e+00                  1.3194180e-10                  1.3194180e-10
2.6694000e+00                  1.5141204e-10                  1.5141204e-10
2.6695000e+00                  1.9873023e-10                  1.9873023e-10
2.6696000e+00                  2.8325486e-10                  2.8325486e-10
2.6697000e+00                  4.1509964e-10                  4.1509964e-10
2.6698000e+00                  6.0255666e-10                  6.0255666e-10
2.6699000e+00                  8.4862208e-10                  8.4862208e-10
2.6700000e+00                  1.1473692e-09                  1.1473692e-09
2.6701000e+00                  1.4813807e-09                  1.4813807e-09
2.6702000e+00                  1.8215907e-09                  1.8215907e-09
2.6703000e+00                  2.1304563e-09                  2.1304563e-09
2.6704000e+00                  2.3683584e-09                  2.3683584e-09
2.6705000e+00                  2.5018535e-09                  2.5018535e-09
2.6706000e+00                  2.5114168e-09                  2.5114168e-09
2.6707000e+00                  2.3961767e-09                  2.3961767e-09
2.6708000e+00                  2.1740263e-09                  2.1740263e-09
2.6709000e+00                  1.8770959e-09                  1.8770959e-09
2.6710000e+00                  1.5441794e-09                  1.5441794e-09
2.6711000e+00                  1.2126431e-09                  1.2126431e-09
2.6712000e+00                  9.1224079e-10                  9.1224079e-10
2.6713000e+00                  6.6230573e-10                  6.6230573e-10
2.6714000e+00                  4.7248990e-10                  4.7248990e-10
2.6715000e+00                  3.4615515e-10                  3.4615515e-10
2.6716000e+00                  2.8498486e-10                  2.8498486e-10
2.6717000e+00                  2.9335795e-10                  2.9335795e-10
2.6718000e+00                  3.8126994e-10                  3.8126994e-10
2.6719000e+00                  5.6487868e-10                  5.6487868e-10
2.6720000e+00                  8.6405586e-10                  8.6405586e-10
2.6721000e+00                  1.2967834e-09                  1.2967834e-09
2.6722000e+00                  1.8710200e-09                  1.8710200e-09
2.6723000e+00                  2.5757625e-09                  2.5757625e-09
2.6724000e+00                  3.3740851e-09                  3.3740851e-09
2.6725000e+00                  4.2013533e-09                  4.2013533e-09
2.6726000e+00                  4.9710039e-09                  4.9710039e-09
2.6727000e+00                  5.5881405e-09                  5.5881405e-09
2.6728000e+00                  5.9683150e-09                  5.9683150e-09
2.6729000e+00                  6.0564208e-09                  6.0564208e-09
2.6730000e+00                  5.8398602e-09                  5.8398602e-09
2.6731000e+00                  5.3516496e-09                  5.3516496e-09
2.6732000e+00                  4.6624390e-09                  4.6624390e-09
2.6733000e+00                  3.8641790e-09                  3.8641790e-09
2.6734000e+00                  3.0507739e-09                  3.0507739e-09
2.6735000e+00                  2.3015110e-09                  2.3015110e-09
2.6736000e+00                  1.6713960e-09                  1.6713960e-09
2.6737000e+00                  1.1897014e-09                  1.1897014e-09
2.6738000e+00                  8.6532882e-10                  8.6532882e-10
2.6739000e+00                  6.9594698e-10                  6.9594698e-10
2.6740000e+00                  6.7756780e-10                  6.7756780e-10
2.6741000e+00                  8.1194071e-10                  8.1194071e-10
2.6742000e+00                  1.1102695e-09                  1.1102695e-09
2.6743000e+00                  1.5927711e-09                  1.5927711e-09
2.6744000e+00                  2.2842590e-09                  2.2842590e-09
2.6745000e+00                  3.2063061e-09                  3.2063061e-09
2.6746000e+00                  4.3668848e-09                  4.3668848e-09
2.6747000e+00                  5.7489712e-09                  5.7489712e-09
2.6748000e+00                  7.3005179e-09                  7.3005179e-09
2.6749000e+00                  8.9291484e-09                  8.9291484e-09
2.6750000e+00                  1.0505201e-08                  1.0505201e-08
2.6751000e+00                  1.1875552e-08                  1.1875552e-08
2.6752000e+00                  1.2887660e-08                  1.2887660e-08
2.6753000e+00                  1.3419203e-08                  1.3419203e-08
2.6754000e+00                  1.3405250e-08                  1.3405250e-08
2.6755000e+00                  1.2854128e-08                  1.2854128e-08
2.6756000e+00                  1.1846086e-08                  1.1846086e-08
2.6757000e+00                  1.0514610e-08                  1.0514610e-08
2.6758000e+00                  9.0164771e-09                  9.0164771e-09
2.6759000e+00                  7.5002913e-09                  7.5002913e-09
2.6760000e+00                  6.0828320e-09                  6.0828320e-09
2.6761000e+00                  4.8384628e-09                  4.8384628e-09
2.6762000e+00                  3.8013762e-09                  3.8013762e-09
2.6763000e+00                  2.9761694e-09                  2.9761694e-09
2.6764000e+00                  2.3507102e-09                  2.3507102e-09
2.6765000e+00                  1.9064067e-09                  1.9064067e-09
2.6766000e+00                  1.6236057e-09                  1.6236057e-09
2.6767000e+00                  1.4824254e-09                  1.4824254e-09
2.6768000e+00                  1.4609468e-09                  1.4609468e-09
2.6769000e+00                  1.5331326e-09                  1.5331326e-09
2.6770000e+00                  1.6684058e-09                  1.6684058e-09
2.6771000e+00                  1.8338978e-09                  1.8338978e-09
2.6772000e+00                  1.9992731e-09                  1.9992731e-09
2.6773000e+00                  2.1429866e-09                  2.1429866e-09
2.6774000e+00                  2.2580720e-09                  2.2580720e-09
2.6775000e+00                  2.3553839e-09                  2.3553839e-09
2.6776000e+00                  2.4627802e-09                  2.4627802e-09
2.6777000e+00                  2.6199764e-09                  2.6199764e-09
2.6778000e+00                  2.8703326e-09                  2.8703326e-09
2.6779000e+00                  3.2520529e-09                  3.2520529e-09
2.6780000e+00                  3.7915940e-09                  3.7915940e-09
2.6781000e+00                  4.5011908e-09                  4.5011908e-09
2.6782000e+00                  5.3805083e-09                  5.3805083e-09
2.6783000e+00                  6.4203176e-09                  6.4203176e-09
2.6784000e+00                  7.6048941e-09                  7.6048941e-09
2.6785000e+00                  8.9105393e-09                  8.9105393e-09
2.6786000e+00                  1.0300303e-08                  1.0300303e-08
2.6787000e+00                  1.1718497e-08                  1.1718497e-08
2.6788000e+00                  1.3090840e-08                  1.3090840e-08
2.6789000e+00                  1.4335132e-08                  1.4335132e-08
2.6790000e+00                  1.5382918e-08                  1.5382918e-08
2.6791000e+00                  1.6206365e-08                  1.6206365e-08
2.6792000e+00                  1.6839974e-08                  1.6839974e-08
2.6793000e+00                  1.7386554e-08                  1.7386554e-08
2.6794000e+00                  1.8001951e-08                  1.8001951e-08
2.6795000e+00                  1.8861019e-08                  1.8861019e-08
2.6796000e+00                  2.0114628e-08                  2.0114628e-08
2.6797000e+00                  2.1850577e-08                  2.1850577e-08
2.6798000e+00                  2.4069392e-08                  2.4069392e-08
2.6799000e+00                  2.6680821e-08                  2.6680821e-08
2.6800000e+00                  2.9521687e-08                  2.9521687e-08
2.6801000e+00                  3.2393389e-08                  3.2393389e-08
2.6802000e+00                  3.5118393e-08                  3.5118393e-08
2.6803000e+00                  3.7617890e-08                  3.7617890e-08
2.6804000e+00                  4.0014113e-08                  4.0014113e-08
2.6805000e+00                  4.2757478e-08                  4.2757478e-08
2.6806000e+00                  4.6768305e-08                  4.6768305e-08
2.6807000e+00                  5.3565305e-08                  5.3565305e-08
2.6808000e+00                  6.5330873e-08                  6.5330873e-08
2.6809000e+00                  8.4843164e-08                  8.4843164e-08
2.6810000e+00                  1.1519891e-07                  1.1519891e-07
2.6811000e+00                  1.5927446e-07                  1.5927446e-07
2.6812000e+00                  2.1893876e-07                  2.1893876e-07
2.6813000e+00                  2.9413885e-07                  2.9413885e-07
2.6814000e+00                  3.8209875e-07                  3.8209875e-07
2.6815000e+00                  4.7694966e-07                  4.7694966e-07
2.6816000e+00                  5.7007987e-07                  5.7007987e-07
2.6817000e+00                  6.5132139e-07                  6.5132139e-07
2.6818000e+00                  7.1080621e-07                  7.1080621e-07
2.6819000e+00                  7.4103505e-07                  7.4103505e-07
2.6820000e+00                  7.3854294e-07                  7.3854294e-07
2.6821000e+00                  7.0462256e-07                  7.0462256e-07
2.6822000e+00                  6.4487087e-07                  6.4487087e-07
2.6823000e+00                  5.6773626e-07                  5.6773626e-07
2.6824000e+00                  4.8257651e-07                  4.8257651e-07
2.6825000e+00                  3.9785046e-07                  3.9785046e-07
2.6826000e+00                  3.1992925e-07                  3.1992925e-07
2.6827000e+00                  2.5272199e-07                  2.5272199e-07
2.6828000e+00                  1.9801885e-07                  1.9801885e-07
2.6829000e+00                  1.5628223e-07                  1.5628223e-07
2.6830000e+00                  1.2759359e-07                  1.2759359e-07
2.6831000e+00                  1.1253515e-07                  1.1253515e-07
2.6832000e+00                  1.1286104e-07                  1.1286104e-07
2.6833000e+00                  1.3183455e-07                  1.3183455e-07
2.6834000e+00                  1.7408132e-07                  1.7408132e-07
2.6835000e+00                  2.4479780e-07                  2.4479780e-07
2.6836000e+00                  3.4824110e-07                  3.4824110e-07
2.6837000e+00                  4.8565278e-07                  4.8565278e-07
2.6838000e+00                  6.5309273e-07                  6.5309273e-07
2.6839000e+00                  8.3994283e-07                  8.3994283e-07
2.6840000e+00                  1.0288992e-06                  1.0288992e-06
2.6841000e+00                  1.1979707e-06                  1.1979707e-06
2.6842000e+00                  1.3243603e-06                  1.3243603e-06
2.6843000e+00                  1.3893390e-06                  1.3893390e-06
2.6844000e+00                  1.3826804e-06                  1.3826804e-06
2.6845000e+00                  1.3052026e-06                  1.3052026e-06
2.6846000e+00                  1.1685401e-06                  1.1685401e-06
2.6847000e+00                  9.9222975e-07                  9.9222975e-07
2.6848000e+00                  7.9911463e-07                  7.9911463e-07
2.6849000e+00                  6.1055242e-07                  6.1055242e-07
2.6850000e+00                  4.4279711e-07                  4.4279711e-07
2.6851000e+00                  3.0531665e-07                  3.0531665e-07
2.6852000e+00                  2.0104624e-07                  2.0104624e-07
2.6853000e+00                  1.2798456e-07                  1.2798456e-07
2.6854000e+00                  8.1303375e-08                  8.1303375e-08
2.6855000e+00                  5.5248690e-08                  5.5248690e-08
2.6856000e+00                  4.4418741e-08                  4.4418741e-08
2.6857000e+00                  4.4337576e-08                  4.4337576e-08
2.6858000e+00                  5.1482912e-08                  5.1482912e-08
2.6859000e+00                  6.3032461e-08                  6.3032461e-08
2.6860000e+00                  7.6581644e-08                  7.6581644e-08
2.6861000e+00                  9.0000564e-08                  9.0000565e-08
2.6862000e+00                  1.0148390e-07                  1.0148390e-07
2.6863000e+00                  1.0974169e-07                  1.0974172e-07
2.6864000e+00                  1.1421134e-07                  1.1421145e-07
2.6865000e+00                  1.1515937e-07                  1.1515980e-07
2.6866000e+00                  1.1358630e-07                  1.1358803e-07
2.6867000e+00                  1.1092963e-07                  1.1093620e-07
2.6868000e+00                  1.0864329e-07                  1.0866698e-07
2.6869000e+00                  1.0778430e-07                  1.0786524e-07
2.6870000e+00                  1.0873661e-07                  1.0899892e-07
2.6871000e+00                  1.1115312e-07                  1.1195921e-07
2.6872000e+00                  1.1411905e-07                  1.1646811e-07
2.6873000e+00                  1.1646624e-07                  1.2295761e-07
2.6874000e+00                  1.1712370e-07                  1.3413400e-07
2.6875000e+00                  1.1538990e-07                  1.5765882e-07
2.6876000e+00                  1.1105373e-07                  2.1065478e-07
2.6877000e+00                  1.0435426e-07                  3.2691078e-07
2.6878000e+00                  9.5829126e-08                  5.6740363e-07
2.6879000e+00                  8.6132656e-08                  1.0336648e-06
2.6880000e+00                  7.5900854e-08                  1.8812916e-06
2.6881000e+00                  6.5707064e-08                  3.3276932e-06
2.6882000e+00                  5.6112603e-08                  5.6450163e-06
2.6883000e+00                  4.7789681e-08                  9.1281852e-06
2.6884000e+00                  4.1688153e-08                  1.4031650e-05
2.6885000e+00                  3.9224273e-08                  2.0478332e-05
2.6886000e+00                  4.2469696e-08                  2.8359059e-05
2.6887000e+00                  5.4296408e-08                  3.7255209e-05
2.6888000e+00                  7.8388567e-08                  4.6423066e-05
2.6889000e+00                  1.1898881e-07                  5.4868440e-05
2.6890000e+00                  1.8024620e-07                  6.1513117e-05
2.6891000e+00                  2.6511597e-07                  6.5419020e-05
2.6892000e+00                  3.7393922e-07                  6.6006783e-05
2.6893000e+00                  5.0305931e-07                  6.3198452e-05
2.6894000e+00                  6.4401052e-07                  5.7435552e-05
2.6895000e+00                  7.8381892e-07                  4.9566461e-05
2.6896000e+00                  9.0670729e-07                  4.0642383e-05
2.6897000e+00                  9.9703026e-07                  3.1689336e-05
2.6898000e+00                  1.0427489e-06                  2.3523564e-05
2.6899000e+00                  1.0384233e-06                  1.6652929e-05
2.6900000e+00                  9.8674279e-07                  1.1271126e-05
2.6901000e+00                  8.9805304e-07                  7.3214205e-06
2.6902000e+00                  7.8799983e-07                  4.5923974e-06
2.6903000e+00                  6.7401755e-07                  2.8108469e-06
2.6904000e+00                  5.7169578e-07                  1.7102038e-06
2.6905000e+00                  4.9197678e-07                  1.0682762e-06
2.6906000e+00                  4.3976282e-07                  7.1920914e-07
2.6907000e+00                  4.1404268e-07                  5.4952551e-07
2.6908000e+00                  4.0926120e-07                  4.8781039e-07
2.6909000e+00                  4.1744085e-07                  4.9465294e-07
2.6910000e+00                  4.3051176e-07                  5.5602511e-07
2.6911000e+00                  4.4236483e-07                  6.8052384e-07
2.6912000e+00                  4.5027328e-07                  8.9907624e-07
2.6913000e+00                  4.5551978e-07                  1.2646148e-06
2.6914000e+00                  4.6330602e-07                  1.8487245e-06
2.6915000e+00                  4.8225882e-07                  2.7324791e-06
2.6916000e+00                  5.2398280e-07                  3.9899677e-06
2.6917000e+00                  6.0303350e-07                  5.6655580e-06
2.6918000e+00                  7.3733954e-07                  7.7493751e-06
2.6919000e+00                  9.4855598e-07                  1.0158557e-05
2.6920000e+00                  1.2613140e-06                  1.2732808e-05
2.6921000e+00                  1.7001908e-06                  1.5250205e-05
2.6922000e+00                  2.2837759e-06                  1.7463110e-05
2.6923000e+00                  3.0165290e-06                  1.9146633e-05
2.6924000e+00                  3.8808255e-06                  2.0146562e-05
2.6925000e+00                  4.8328484e-06                  2.0413248e-05
2.6926000e+00                  5.8058586e-06                  2.0012943e-05
2.6927000e+00                  6.7223163e-06                  1.9116199e-05
2.6928000e+00                  7.5127708e-06                  1.7969886e-05
2.6929000e+00                  8.1357862e-06                  1.6861729e-05
2.6930000e+00                  8.5913246e-06                  1.6083650e-05
2.6931000e+00                  8.9212601e-06                  1.5895285e-05
2.6932000e+00                  9.1949937e-06                  1.6486020e-05
2.6933000e+00                  9.4838516e-06                  1.7935583e-05
2.6934000e+00                  9.8326669e-06                  2.0179020e-05
2.6935000e+00                  1.0238602e-05                  2.2988330e-05
2.6936000e+00                  1.0645120e-05                  2.5985044e-05
2.6937000e+00                  1.0953880e-05                  2.8692646e-05
2.6938000e+00                  1.1051184e-05                  3.0625443e-05
2.6939000e+00                  1.0840623e-05                  3.1396276e-05
2.6940000e+00                  1.0271576e-05                  3.0816423e-05
2.6941000e+00                  9.3547672e-06                  2.8962789e-05
2.6942000e+00                  8.1606451e-06                  2.6200782e-05
2.6943000e+00                  6.8021187e-06                  2.3170263e-05
2.6944000e+00                  5.4080779e-06                  2.0756723e-05
2.6945000e+00                  4.0963108e-06                  2.0070418e-05
2.6946000e+00                  2.9533979e-06                  2.2438567e-05
2.6947000e+00                  2.0256821e-06                  2.9385071e-05
2.6948000e+00                  1.3212028e-06                  4.2543083e-05
2.6949000e+00                  8.1925348e-07                  6.3437911e-05
2.6950000e+00                  4.8293229e-07                  9.3107686e-05
2.6951000e+00                  2.7065040e-07                  1.3159987e-04
2.6952000e+00                  1.4424232e-07                  1.7747349e-04
2.6953000e+00                  7.3135225e-08                  2.2750844e-04
2.6954000e+00                  3.5301487e-08                  2.7682616e-04
2.6955000e+00                  1.6236217e-08                  3.1952982e-04
2.6956000e+00                  7.1239776e-09                  3.4979388e-04
2.6957000e+00                  2.9865405e-09                  3.6313764e-04
2.6958000e+00                  1.1984887e-09                  3.5749798e-04
2.6959000e+00                  4.6139587e-10                  3.3374390e-04
2.6960000e+00                  1.7083160e-10                  2.9545285e-04
2.6961000e+00                  6.1001971e-11                  2.4802602e-04
2.6962000e+00                  2.1091163e-11                  1.9744228e-04
2.6963000e+00                  7.1273460e-12                  1.4904479e-04
2.6964000e+00                  2.4387833e-12                  1.0669083e-04
2.6965000e+00                  9.6170370e-13                  7.2422088e-05
2.6966000e+00                  5.7200104e-13                  4.6617461e-05
2.6967000e+00                  5.4955010e-13                  2.8455081e-05
2.6968000e+00                  6.5560067e-13                  1.6470420e-05
2.6969000e+00                  8.1053773e-13                  9.0403063e-06
2.6970000e+00                  9.8605461e-13                  4.7053863e-06
2.6971000e+00                  1.1709117e-12                  2.3224219e-06
2.6972000e+00                  1.3605083e-12                  1.0869781e-06
2.6973000e+00                  1.5531091e-12                  4.8243032e-07
2.6974000e+00                  1.7472123e-12                  2.0304090e-07
2.6975000e+00                  1.9389296e-12                  8.1034582e-08
2.6976000e+00                  2.1199886e-12                  3.0669300e-08
2.6977000e+00                  2.2774734e-12                  1.1008070e-08
2.6978000e+00                  2.3962851e-12                  3.7478325e-09
2.6979000e+00                  2.4651189e-12                  1.2111612e-09
2.6980000e+00                  2.4873567e-12                  3.7237129e-10
2.6981000e+00                  2.5006508e-12                  1.0983715e-10
2.6982000e+00                  2.6140222e-12                  3.2150795e-11
2.6983000e+00                  3.0793420e-12                  1.0786820e-11
2.6984000e+00                  4.4239180e-12                  6.3311131e-12
2.6985000e+00                  7.6782513e-12                  8.1257704e-12
2.6986000e+00                  1.4728795e-11                  1.4828373e-11
2.6987000e+00                  2.8795969e-11                  2.8816980e-11
2.6988000e+00                  5.4968974e-11                  5.4973178e-11
2.6989000e+00                  1.0061870e-10                  1.0061950e-10
2.6990000e+00                  1.7538342e-10                  1.7538357e-10
2.6991000e+00                  2.9034329e-10                  2.9034332e-10
2.6992000e+00                  4.5606275e-10                  4.5606276e-10
2.6993000e+00                  6.7946684e-10                  6.7946684e-10
2.6994000e+00                  9.6002631e-10                  9.6002631e-10
2.6995000e+00                  1.2863133e-09                  1.2863133e-09
2.6996000e+00                  1.6343719e-09                  1.6343719e-09
2.6997000e+00                  1.9692133e-09                  1.9692133e-09
2.6998000e+00                  2.2499454e-09                  2.2499454e-09
2.6999000e+00                  2.4377518e-09                  2.4377518e-09
2.7000000e+00                  2.5046523e-09                  2.5046523e-09
2.7001000e+00                  2.4403367e-09                  2.4403367e-09
2.7002000e+00                  2.2547743e-09                  2.2547743e-09
2.7003000e+00                  1.9756910e-09                  1.9756910e-09
2.7004000e+00                  1.6417916e-09                  1.6417916e-09
2.7005000e+00                  1.2940073e-09                  1.2940073e-09
2.7006000e+00                  9.6748044e-10                  9.6748044e-10
2.7007000e+00                  6.8637311e-10                  6.8637311e-10
2.7008000e+00                  4.6230999e-10                  4.6230999e-10
2.7009000e+00                  2.9596674e-10                  2.9596674e-10
2.7010000e+00                  1.8050249e-10                  1.8050249e-10
2.7011000e+00                  1.0539202e-10                  1.0539202e-10
2.7012000e+00                  5.9592314e-11                  5.9592314e-11
2.7013000e+00                  3.3571332e-11                  3.3571332e-11
2.7014000e+00                  2.0249187e-11                  2.0249187e-11
2.7015000e+00                  1.5205324e-11                  1.5205324e-11
2.7016000e+00                  1.6580331e-11                  1.6580331e-11
2.7017000e+00                  2.5017493e-11                  2.5017493e-11
2.7018000e+00                  4.3824753e-11                  4.3824753e-11
2.7019000e+00                  7.9342352e-11                  7.9342352e-11
2.7020000e+00                  1.4130278e-10                  1.4130278e-10
2.7021000e+00                  2.4280307e-10                  2.4280307e-10
2.7022000e+00                  3.9944402e-10                  3.9944402e-10
2.7023000e+00                  6.2732048e-10                  6.2732048e-10
2.7024000e+00                  9.3993341e-10                  9.3993341e-10
2.7025000e+00                  1.3446799e-09                  1.3446799e-09
2.7026000e+00                  1.8401282e-09                  1.8401282e-09
2.7027000e+00                  2.4154365e-09                  2.4154366e-09
2.7028000e+00                  3.0527240e-09                  3.0527240e-09
2.7029000e+00                  3.7319546e-09                  3.7319550e-09
2.7030000e+00                  4.4364293e-09                  4.4364311e-09
2.7031000e+00                  5.1561063e-09                  5.1561148e-09
2.7032000e+00                  5.8864223e-09                  5.8864589e-09
2.7033000e+00                  6.6221633e-09                  6.6223127e-09
2.7034000e+00                  7.3485154e-09                  7.3490948e-09
2.7035000e+00                  8.0333786e-09                  8.0355082e-09
2.7036000e+00                  8.6251957e-09                  8.6326193e-09
2.7037000e+00                  9.0586421e-09                  9.0831811e-09
2.7038000e+00                  9.2673475e-09                  9.3442668e-09
2.7039000e+00                  9.1998799e-09                  9.4285171e-09
2.7040000e+00                  8.8338386e-09                  9.4782932e-09
2.7041000e+00                  8.1835815e-09                  9.9061296e-09
2.7042000e+00                  7.2993687e-09                  1.1665371e-08
2.7043000e+00                  6.2584839e-09                  1.6752223e-08
2.7044000e+00                  5.1511391e-09                  2.9068331e-08
2.7045000e+00                  4.0650501e-09                  5.5757096e-08
2.7046000e+00                  3.0723908e-09                  1.0901505e-07
2.7047000e+00                  2.2216756e-09                  2.0811946e-07
2.7048000e+00                  1.5354842e-09                  3.8099555e-07
2.7049000e+00                  1.0133497e-09                  6.6416693e-07
2.7050000e+00                  6.3802369e-10                  1.0996332e-06
2.7051000e+00                  3.8293156e-10                  1.7274575e-06
2.7052000e+00                  2.1892137e-10                  2.5739312e-06
2.7053000e+00                  1.1913720e-10                  3.6371128e-06
2.7054000e+00                  6.1679739e-11                  4.8737608e-06
2.7055000e+00                  3.0363374e-11                  6.1931363e-06
2.7056000e+00                  1.4206174e-11                  7.4626446e-06
2.7057000e+00                  6.3147931e-12                  8.5272560e-06
2.7058000e+00                  2.6659769e-12                  9.2397407e-06
2.7059000e+00                  1.0686890e-12                  9.4938859e-06
2.7060000e+00                  4.0667316e-13                  9.2504297e-06
2.7061000e+00                  1.4687804e-13                  8.5469950e-06
2.7062000e+00                  5.0340465e-14                  7.4885654e-06
2.7063000e+00                  1.6370812e-14                  6.2218198e-06
2.7064000e+00                  5.0509049e-15                  4.9019611e-06
2.7065000e+00                  1.4783452e-15                  3.6623169e-06
2.7066000e+00                  4.1044845e-16                  2.5946310e-06
2.7067000e+00                  1.0809157e-16                  1.7431266e-06
2.7068000e+00                  2.6999387e-17                  1.1104931e-06
2.7069000e+00                  6.3962634e-18                  6.7086699e-07
2.7070000e+00                  1.4370973e-18                  3.8431790e-07
2.7071000e+00                  3.0622888e-19                  2.0877497e-07
2.7072000e+00                  6.1886345e-20                  1.0754739e-07
2.7073000e+00                  1.1858461e-20                  5.2535751e-08
2.7074000e+00                  2.1572870e-21                  2.4335689e-08
2.7075000e+00                  3.7057691e-22                  1.0689711e-08
2.7076000e+00                  6.0384185e-23                  4.4526843e-09
2.7077000e+00                  9.3057819e-24                  1.7587799e-09
2.7078000e+00                  1.3441685e-24                  6.5877132e-10
2.7079000e+00                  2.0679515e-25                  2.3398688e-10
2.7080000e+00                  2.5849394e-26                  7.8810115e-11
2.7081000e+00                  3.2311743e-27                  2.5171323e-11
2.7082000e+00                  0.0000000e+00                  7.6236640e-12
2.7083000e+00                  0.0000000e+00                  2.1895511e-12
2.7084000e+00                  0.0000000e+00                  5.9632091e-13
2.7085000e+00                  0.0000000e+00                  1.5400635e-13
2.7086000e+00                  0.0000000e+00                  3.7716452e-14
2.7087000e+00                  0.0000000e+00                  8.7590432e-15
2.7088000e+00                  0.0000000e+00                  1.9289285e-15
2.7089000e+00                  0.0000000e+00                  4.0281833e-16
2.7090000e+00                  0.0000000e+00                  7.9769329e-17
2.7091000e+00                  0.0000000e+00                  1.4979464e-17
2.7092000e+00                  0.0000000e+00                  2.6674129e-18
2.7093000e+00                  0.0000000e+00                  4.5042018e-19
2.7094000e+00                  0.0000000e+00                  7.2123877e-20
2.7095000e+00                  0.0000000e+00                  1.0951508e-20
2.7096000e+00                  0.0000000e+00                  1.5768936e-21
2.7097000e+00                  0.0000000e+00                  2.1531014e-22
2.7098000e+00                  0.0000000e+00                  2.7877910e-23
2.7099000e+00                  0.0000000e+00                  3.4228633e-24
2.7100000e+00                  0.0000000e+00                  3.9852221e-25
2.7101000e+00                  0.0000000e+00                  4.3999642e-26
2.7102000e+00                  0.0000000e+00                  4.6065880e-27
2.7103000e+00                  0.0000000e+00                  4.5734425e-28
2.7104000e+00                  0.0000000e+00                  4.3056697e-29
2.7105000e+00                  0.0000000e+00                  3.8438977e-30
2.7106000e+00                  0.0000000e+00                  3.2541424e-31
2.7107000e+00                  0.0000000e+00                  2.6123714e-32
2.7108000e+00                  0.0000000e+00                  1.9886891e-33
2.7109000e+00                  0.0000000e+00                  1.4355969e-34
2.7110000e+00                  0.0000000e+00                  9.8272444e-36
2.7111000e+00                  0.0000000e+00                  6.3791766e-37
2.7112000e+00                  0.0000000e+00                  3.9267307e-38
2.7113000e+00                  0.0000000e+00                  2.2920877e-39
2.7114000e+00                  0.0000000e+00                  1.2687176e-40
2.7115000e+00                  0.0000000e+00                  6.6593578e-42
2.7116000e+00                  0.0000000e+00                  3.3146170e-43
2.7117000e+00                  0.0000000e+00                  1.5644726e-44
2.7118000e+00                  0.0000000e+00                  7.0022276e-46
2.7119000e+00                  0.0000000e+00                  2.9719268e-47
2.7120000e+00                  0.0000000e+00                  1.1961168e-48
2.7121000e+00                  0.0000000e+00                  4.5650205e-50
2.7122000e+00                  0.0000000e+00                  1.6521348e-51
2.7123000e+00                  0.0000000e+00                  5.6699845e-53
2.7124000e+00                  0.0000000e+00                  1.8452358e-54
2.7125000e+00                  0.0000000e+00                  5.6944989e-56
2.7126000e+00                  0.0000000e+00                  1.6664519e-57
2.7127000e+00                  0.0000000e+00                  4.6244880e-59
2.7128000e+00                  0.0000000e+00                  1.2169372e-60
2.7129000e+00                  0.0000000e+00                  3.0367309e-62
2.7130000e+00                  0.0000000e+00                  7.1858488e-64
2.7131000e+00                  0.0000000e+00                  1.6124396e-65
2.7132000e+00                  0.0000000e+00                  3.4310140e-67
2.7133000e+00                  0.0000000e+00                  6.9230127e-69
2.7134000e+00                  0.0000000e+00                  1.3246508e-70
2.7135000e+00                  0.0000000e+00                  2.4034843e-72
2.7136000e+00                  0.0000000e+00                  4.1353742e-74
2.7137000e+00                  0.0000000e+00                  6.7471749e-76
2.7138000e+00                  0.0000000e+00                  1.0439092e-77
2.7139000e+00                  0.0000000e+00                  1.5315710e-79
2.7140000e+00                  0.0000000e+00                  2.1308122e-81
2.7141000e+00                  0.0000000e+00                  2.8111682e-83
2.7142000e+00                  0.0000000e+00                  3.5169169e-85
2.7143000e+00                  0.0000000e+00                  4.1722566e-87
2.7144000e+00                  0.0000000e+00                  4.6936807e-89
2.7145000e+00                  0.0000000e+00                  5.0071396e-91
2.7146000e+00                  0.0000000e+00                  5.0652337e-93
2.7147000e+00                  0.0000000e+00                  4.8589552e-95
2.7148000e+00                  0.0000000e+00                  4.4199763e-97
2.7149000e+00                  0.0000000e+00                  3.8126821e-99
2.7150000e+00                  0.0000000e+00                  3.1187093e-101
2.7151000e+00                  0.0000000e+00                  2.4190943e-103
2.7152000e+00                  0.0000000e+00                  1.7793622e-105
2.7153000e+00                  0.0000000e+00                  1.2411078e-107
2.7154000e+00                  0.0000000e+00                  8.2089633e-110
2.7155000e+00                  0.0000000e+00                  5.1487373e-112
2.7156000e+00                  0.0000000e+00                  3.0622933e-114
2.7157000e+00                  0.0000000e+00                  1.7271357e-116
2.7158000e+00                  0.0000000e+00                  9.2371874e-119
2.7159000e+00                  0.0000000e+00                  4.6847528e-121
2.7160000e+00                  0.0000000e+00                  2.2530313e-123
2.7161000e+00                  0.0000000e+00                  1.0274990e-125
2.7162000e+00                  0.0000000e+00                  4.4435413e-128
2.7163000e+00                  0.0000000e+00                  1.8222613e-130
