Scanning frequency (eV)      Vibronic intensity (a.u.)      Total intensity (a.u.)
2.5950000e+00                  4.6363079e-49                  4.6363079e-49
2.5951000e+00                  5.4321321e-49                  5.4321321e-49
2.5952000e+00                  6.2853955e-49                  6.2853955e-49
2.5953000e+00                  7.2398867e-49                  7.2398867e-49
2.5954000e+00                  8.3659984e-49                  8.3659984e-49
2.5955000e+00                  9.7588011e-49                  9.7588011e-49
2.5956000e+00                  1.1547077e-48                  1.1547077e-48
2.5957000e+00                  1.3926913e-48                  1.3926913e-48
2.5958000e+00                  1.7227060e-48                  1.7227060e-48
2.5959000e+00                  2.1997465e-48                  2.1997465e-48
2.5960000e+00                  2.9091161e-48                  2.9091161e-48
2.5961000e+00                  3.9692782e-48                  3.9692782e-48
2.5962000e+00                  5.5247861e-48                  5.5247861e-48
2.5963000e+00                  7.7277148e-48                  7.7277148e-48
2.5964000e+00                  1.0711988e-47                  1.0711988e-47
2.5965000e+00                  1.4572062e-47                  1.4572062e-47
2.5966000e+00                  1.9361687e-47                  1.9361687e-47
2.5967000e+00                  2.5125119e-47                  2.5125119e-47
2.5968000e+00                  3.1959463e-47                  3.1959463e-47
2.5969000e+00                  4.0084980e-47                  4.0084980e-47
2.5970000e+00                  4.9879456e-47                  4.9879456e-47
2.5971000e+00                  6.1826696e-47                  6.1826696e-47
2.5972000e+00                  7.6349721e-47                  7.6349721e-47
2.5973000e+00                  9.3547046e-47                  9.3547046e-47
2.5974000e+00                  1.1291043e-46                  1.1291043e-46
2.5975000e+00                  1.3314595e-46                  1.3314595e-46
2.5976000e+00                  1.5221876e-46                  1.5221876e-46
2.5977000e+00                  1.6768476e-46                  1.6768476e-46
2.5978000e+00                  1.7727948e-46                  1.7727948e-46
2.5979000e+00                  1.7965271e-46                  1.7965271e-46
2.5980000e+00                  1.7512028e-46                  1.7512028e-46
2.5981000e+00                  1.6637811e-46                  1.6637811e-46
2.5982000e+00                  1.5926500e-46                  1.5926500e-46
2.5983000e+00                  1.6378822e-46                  1.6378822e-46
2.5984000e+00                  1.9562304e-46                  1.9562304e-46
2.5985000e+00                  2.7805715e-46                  2.7805715e-46
2.5986000e+00                  4.4383850e-46                  4.4383850e-46
2.5987000e+00                  7.3570906e-46                  7.3570906e-46
2.5988000e+00                  1.2038588e-45                  1.2038588e-45
2.5989000e+00                  1.8985598e-45                  1.8985598e-45
2.5990000e+00                  2.8572708e-45                  2.8572708e-45
2.5991000e+00                  4.0876497e-45                  4.0876497e-45
2.5992000e+00                  5.5506790e-45                  5.5506790e-45
2.5993000e+00                  7.1503078e-45                  7.1503078e-45
2.5994000e+00                  8.7361470e-45                  8.7361470e-45
2.5995000e+00                  1.0122857e-44                  1.0122857e-44
2.5996000e+00                  1.1124294e-44                  1.1124294e-44
2.5997000e+00                  1.1594244e-44                  1.1594244e-44
2.5998000e+00                  1.1461572e-44                  1.1461572e-44
2.5999000e+00                  1.0748190e-44                  1.0748190e-44
2.6000000e+00                  9.5636539e-45                  9.5636539e-45
2.6001000e+00                  8.0783872e-45                  8.0783872e-45
2.6002000e+00                  6.4849777e-45                  6.4849777e-45
2.6003000e+00                  4.9610901e-45                  4.9610901e-45
2.6004000e+00                  3.6487903e-45                  3.6487903e-45
2.6005000e+00                  2.6699577e-45                  2.6699577e-45
2.6006000e+00                  2.2240486e-45                  2.2240486e-45
2.6007000e+00                  2.9076276e-45                  2.9076276e-45
2.6008000e+00                  6.6633064e-45                  6.6633064e-45
2.6009000e+00                  1.9456148e-44                  1.9456148e-44
2.6010000e+00                  5.8398755e-44                  5.8398755e-44
2.6011000e+00                  1.6952674e-43                  1.6952674e-43
2.6012000e+00                  4.6915756e-43                  4.6915756e-43
2.6013000e+00                  1.2332677e-42                  1.2332677e-42
2.6014000e+00                  3.0760007e-42                  3.0760007e-42
2.6015000e+00                  7.2769330e-42                  7.2769330e-42
2.6016000e+00                  1.6326189e-41                  1.6326189e-41
2.6017000e+00                  3.4735427e-41                  3.4735427e-41
2.6018000e+00                  7.0081314e-41                  7.0081314e-41
2.6019000e+00                  1.3408166e-40                  1.3408166e-40
2.6020000e+00                  2.4326081e-40                  2.4326081e-40
2.6021000e+00                  4.1851364e-40                  4.1851364e-40
2.6022000e+00                  6.8278084e-40                  6.8278084e-40
2.6023000e+00                  1.0562995e-39                  1.0562995e-39
2.6024000e+00                  1.5496256e-39                  1.5496256e-39
2.6025000e+00                  2.1557617e-39                  2.1557617e-39
2.6026000e+00                  2.8438693e-39                  2.8438693e-39
2.6027000e+00                  3.5575866e-39                  3.5575866e-39
2.6028000e+00                  4.2203027e-39                  4.2203027e-39
2.6029000e+00                  4.7477537e-39                  4.7477537e-39
2.6030000e+00                  5.0655523e-39                  5.0655523e-39
2.6031000e+00                  5.1269502e-39                  5.1269502e-39
2.6032000e+00                  4.9254848e-39                  4.9254848e-39
2.6033000e+00                  4.4987635e-39                  4.4987635e-39
2.6034000e+00                  3.9229701e-39                  3.9229701e-39
2.6035000e+00                  3.3012360e-39                  3.3012360e-39
2.6036000e+00                  2.7510849e-39                  2.7510849e-39
2.6037000e+00                  2.3956292e-39                  2.3956292e-39
2.6038000e+00                  2.3601588e-39                  2.3601588e-39
2.6039000e+00                  2.7715226e-39                  2.7715226e-39
2.6040000e+00                  3.7542363e-39                  3.7542363e-39
2.6041000e+00                  5.4165150e-39                  5.4165150e-39
2.6042000e+00                  7.8225785e-39                  7.8225785e-39
2.6043000e+00                  1.0954270e-38                  1.0954270e-38
2.6044000e+00                  1.4673124e-38                  1.4673124e-38
2.6045000e+00                  1.8699804e-38                  1.8699804e-38
2.6046000e+00                  2.2627424e-38                  2.2627424e-38
2.6047000e+00                  2.5976734e-38                  2.5976734e-38
2.6048000e+00                  2.8286238e-38                  2.8286238e-38
2.6049000e+00                  2.9214983e-38                  2.9214983e-38
2.6050000e+00                  2.8627310e-38                  2.8627310e-38
2.6051000e+00                  2.6632754e-38                  2.6632754e-38
2.6052000e+00                  2.3569902e-38                  2.3569902e-38
2.6053000e+00                  1.9943960e-38                  1.9943960e-38
2.6054000e+00                  1.6344216e-38                  1.6344216e-38
2.6055000e+00                  1.3371725e-38                  1.3371725e-38
2.6056000e+00                  1.1597282e-38                  1.1597282e-38
2.6057000e+00                  1.1549792e-38                  1.1549792e-38
2.6058000e+00                  1.3714774e-38                  1.3714774e-38
2.6059000e+00                  1.8511767e-38                  1.8511767e-38
2.6060000e+00                  2.6224660e-38                  2.6224660e-38
2.6061000e+00                  3.6881019e-38                  3.6881019e-38
2.6062000e+00                  5.0108835e-38                  5.0108835e-38
2.6063000e+00                  6.5028350e-38                  6.5028350e-38
2.6064000e+00                  8.0246882e-38                  8.0246882e-38
2.6065000e+00                  9.4004473e-38                  9.4004473e-38
2.6066000e+00                  1.0446878e-37                  1.0446878e-37
2.6067000e+00                  1.1011594e-37                  1.1011594e-37
2.6068000e+00                  1.1008808e-37                  1.1008808e-37
2.6069000e+00                  1.0441241e-37                  1.0441241e-37
2.6070000e+00                  9.4010212e-38                  9.4010212e-38
2.6071000e+00                  8.0499029e-38                  8.0499029e-38
2.6072000e+00                  6.5866099e-38                  6.5866099e-38
2.6073000e+00                  5.2130688e-38                  5.2130688e-38
2.6074000e+00                  4.1102209e-38                  4.1102209e-38
2.6075000e+00                  3.4287452e-38                  3.4287452e-38
2.6076000e+00                  3.2931059e-38                  3.2931059e-38
2.6077000e+00                  3.8119706e-38                  3.8119706e-38
2.6078000e+00                  5.0863254e-38                  5.0863254e-38
2.6079000e+00                  7.2088741e-38                  7.2088741e-38
2.6080000e+00                  1.0253108e-37                  1.0253108e-37
2.6081000e+00                  1.4255285e-37                  1.4255285e-37
2.6082000e+00                  1.9195069e-37                  1.9195069e-37
2.6083000e+00                  2.4979726e-37                  2.4979726e-37
2.6084000e+00                  3.1433697e-37                  3.1433697e-37
2.6085000e+00                  3.8293093e-37                  3.8293093e-37
2.6086000e+00                  4.5205965e-37                  4.5205965e-37
2.6087000e+00                  5.1744482e-37                  5.1744482e-37
2.6088000e+00                  5.7440389e-37                  5.7440389e-37
2.6089000e+00                  6.1854124e-37                  6.1854124e-37
2.6090000e+00                  6.4676327e-37                  6.4676327e-37
2.6091000e+00                  6.5840487e-37                  6.5840487e-37
2.6092000e+00                  6.5606918e-37                  6.5606918e-37
2.6093000e+00                  6.4574192e-37                  6.4574192e-37
2.6094000e+00                  6.3592930e-37                  6.3592930e-37
2.6095000e+00                  6.3595107e-37                  6.3595107e-37
2.6096000e+00                  6.5394270e-37                  6.5394270e-37
2.6097000e+00                  6.9536557e-37                  6.9536557e-37
2.6098000e+00                  7.6271749e-37                  7.6271749e-37
2.6099000e+00                  8.5664851e-37                  8.5664851e-37
2.6100000e+00                  9.7797786e-37                  9.7797786e-37
2.6101000e+00                  1.1294925e-36                  1.1294925e-36
2.6102000e+00                  1.3162359e-36                  1.3162359e-36
2.6103000e+00                  1.5434849e-36                  1.5434849e-36
2.6104000e+00                  1.8126948e-36                  1.8126948e-36
2.6105000e+00                  2.1169482e-36                  2.1169482e-36
2.6106000e+00                  2.4382549e-36                  2.4382549e-36
2.6107000e+00                  2.7488561e-36                  2.7488561e-36
2.6108000e+00                  3.0173190e-36                  3.0173190e-36
2.6109000e+00                  3.2181110e-36                  3.2181110e-36
2.6110000e+00                  3.3414084e-36                  3.3414084e-36
2.6111000e+00                  3.3991320e-36                  3.3991320e-36
2.6112000e+00                  3.4241796e-36                  3.4241796e-36
2.6113000e+00                  3.4623423e-36                  3.4623423e-36
2.6114000e+00                  3.5594762e-36                  3.5594762e-36
2.6115000e+00                  3.7487967e-36                  3.7487967e-36
2.6116000e+00                  4.0435188e-36                  4.0435188e-36
2.6117000e+00                  4.4380840e-36                  4.4380840e-36
2.6118000e+00                  4.9174858e-36                  4.9174858e-36
2.6119000e+00                  5.4702328e-36                  5.4702328e-36
2.6120000e+00                  6.0981185e-36                  6.0981185e-36
2.6121000e+00                  6.8166439e-36                  6.8166439e-36
2.6122000e+00                  7.6439049e-36                  7.6439049e-36
2.6123000e+00                  8.5816425e-36                  8.5816425e-36
2.6124000e+00                  9.5973186e-36                  9.5973186e-36
2.6125000e+00                  1.0617701e-35                  1.0617701e-35
2.6126000e+00                  1.1540970e-35                  1.1540970e-35
2.6127000e+00                  1.2266597e-35                  1.2266597e-35
2.6128000e+00                  1.2733417e-35                  1.2733417e-35
2.6129000e+00                  1.2950552e-35                  1.2950552e-35
2.6130000e+00                  1.3006530e-35                  1.3006530e-35
2.6131000e+00                  1.3049422e-35                  1.3049422e-35
2.6132000e+00                  1.3242568e-35                  1.3242568e-35
2.6133000e+00                  1.3711363e-35                  1.3711363e-35
2.6134000e+00                  1.4501931e-35                  1.4501931e-35
2.6135000e+00                  1.5569333e-35                  1.5569333e-35
2.6136000e+00                  1.6802038e-35                  1.6802038e-35
2.6137000e+00                  1.8074817e-35                  1.8074817e-35
2.6138000e+00                  1.9309941e-35                  1.9309941e-35
2.6139000e+00                  2.0522183e-35                  2.0522183e-35
2.6140000e+00                  2.1829010e-35                  2.1829010e-35
2.6141000e+00                  2.3421342e-35                  2.3421342e-35
2.6142000e+00                  2.5506320e-35                  2.5506320e-35
2.6143000e+00                  2.8244213e-35                  2.8244213e-35
2.6144000e+00                  3.1702112e-35                  3.1702112e-35
2.6145000e+00                  3.5837767e-35                  3.5837767e-35
2.6146000e+00                  4.0513255e-35                  4.0513255e-35
2.6147000e+00                  4.5527573e-35                  4.5527573e-35
2.6148000e+00                  5.0654624e-35                  5.0654624e-35
2.6149000e+00                  5.5677961e-35                  5.5677961e-35
2.6150000e+00                  6.0420958e-35                  6.0420958e-35
2.6151000e+00                  6.4774716e-35                  6.4774716e-35
2.6152000e+00                  6.8723160e-35                  6.8723160e-35
2.6153000e+00                  7.2358264e-35                  7.2358264e-35
2.6154000e+00                  7.5874174e-35                  7.5874174e-35
2.6155000e+00                  7.9533135e-35                  7.9533135e-35
2.6156000e+00                  8.3609328e-35                  8.3609328e-35
2.6157000e+00                  8.8333564e-35                  8.8333564e-35
2.6158000e+00                  9.3871989e-35                  9.3871989e-35
2.6159000e+00                  1.0036518e-34                  1.0036518e-34
2.6160000e+00                  1.0802648e-34                  1.0802648e-34
2.6161000e+00                  1.1725777e-34                  1.1725777e-34
2.6162000e+00                  1.2870673e-34                  1.2870673e-34
2.6163000e+00                  1.4318663e-34                  1.4318663e-34
2.6164000e+00                  1.6142303e-34                  1.6142303e-34
2.6165000e+00                  1.8367606e-34                  1.8367606e-34
2.6166000e+00                  2.0937796e-34                  2.0937796e-34
2.6167000e+00                  2.3697495e-34                  2.3697495e-34
2.6168000e+00                  2.6412834e-34                  2.6412834e-34
2.6169000e+00                  2.8830534e-34                  2.8830534e-34
2.6170000e+00                  3.0761553e-34                  3.0761553e-34
2.6171000e+00                  3.2160018e-34                  3.2160018e-34
2.6172000e+00                  3.3163965e-34                  3.3163965e-34
2.6173000e+00                  3.4075014e-34                  3.4075014e-34
2.6174000e+00                  3.5277202e-34                  3.5277202e-34
2.6175000e+00                  3.7121990e-34                  3.7121990e-34
2.6176000e+00                  3.9824873e-34                  3.9824873e-34
2.6177000e+00                  4.3418977e-34                  4.3418977e-34
2.6178000e+00                  4.7789705e-34                  4.7789705e-34
2.6179000e+00                  5.2778486e-34                  5.2778486e-34
2.6180000e+00                  5.8307985e-34                  5.8307985e-34
2.6181000e+00                  6.4463243e-34                  6.4463243e-34
2.6182000e+00                  7.1475180e-34                  7.1475180e-34
2.6183000e+00                  7.9594215e-34                  7.9594215e-34
2.6184000e+00                  8.8897285e-34                  8.8897285e-34
2.6185000e+00                  9.9115886e-34                  9.9115886e-34
2.6186000e+00                  1.0958181e-33                  1.0958181e-33
2.6187000e+00                  1.1934977e-33                  1.1934977e-33
2.6188000e+00                  1.2748262e-33                  1.2748262e-33
2.6189000e+00                  1.3340476e-33                  1.3340476e-33
2.6190000e+00                  1.3718074e-33                  1.3718074e-33
2.6191000e+00                  1.3958634e-33                  1.3958634e-33
2.6192000e+00                  1.4191266e-33                  1.4191266e-33
2.6193000e+00                  1.4555405e-33                  1.4555405e-33
2.6194000e+00                  1.5153210e-33                  1.5153210e-33
2.6195000e+00                  1.6015266e-33                  1.6015266e-33
2.6196000e+00                  1.7095393e-33                  1.7095393e-33
2.6197000e+00                  1.8298936e-33                  1.8298936e-33
2.6198000e+00                  1.9534319e-33                  1.9534319e-33
2.6199000e+00                  2.0766193e-33                  2.0766193e-33
2.6200000e+00                  2.2045838e-33                  2.2045838e-33
2.6201000e+00                  2.3502541e-33                  2.3502541e-33
2.6202000e+00                  2.5295925e-33                  2.5295925e-33
2.6203000e+00                  2.7546694e-33                  2.7546694e-33
2.6204000e+00                  3.0274293e-33                  3.0274293e-33
2.6205000e+00                  3.3369032e-33                  3.3369032e-33
2.6206000e+00                  3.6613183e-33                  3.6613183e-33
2.6207000e+00                  3.9745705e-33                  3.9745705e-33
2.6208000e+00                  4.2547238e-33                  4.2547238e-33
2.6209000e+00                  4.4913679e-33                  4.4913679e-33
2.6210000e+00                  4.6891632e-33                  4.6891632e-33
2.6211000e+00                  4.8664765e-33                  4.8664765e-33
2.6212000e+00                  5.0499371e-33                  5.0499371e-33
2.6213000e+00                  5.2671666e-33                  5.2671666e-33
2.6214000e+00                  5.5402918e-33                  5.5402918e-33
2.6215000e+00                  5.8821143e-33                  5.8821143e-33
2.6216000e+00                  6.2955013e-33                  6.2955013e-33
2.6217000e+00                  6.7753893e-33                  6.7753893e-33
2.6218000e+00                  7.3122921e-33                  7.3122921e-33
2.6219000e+00                  7.8963848e-33                  7.8963848e-33
2.6220000e+00                  8.5216392e-33                  8.5216392e-33
2.6221000e+00                  9.1895395e-33                  9.1895395e-33
2.6222000e+00                  9.9113979e-33                  9.9113979e-33
2.6223000e+00                  1.0707640e-32                  1.0707640e-32
2.6224000e+00                  1.1602488e-32                  1.1602488e-32
2.6225000e+00                  1.2613877e-32                  1.2613877e-32
2.6226000e+00                  1.3741153e-32                  1.3741153e-32
2.6227000e+00                  1.4955836e-32                  1.4955836e-32
2.6228000e+00                  1.6201886e-32                  1.6201886e-32
2.6229000e+00                  1.7409896e-32                  1.7409896e-32
2.6230000e+00                  1.8524337e-32                  1.8524337e-32
2.6231000e+00                  1.9536033e-32                  1.9536033e-32
2.6232000e+00                  2.0506542e-32                  2.0506542e-32
2.6233000e+00                  2.1570498e-32                  2.1570498e-32
2.6234000e+00                  2.2908050e-32                  2.2908050e-32
2.6235000e+00                  2.4691405e-32                  2.4691405e-32
2.6236000e+00                  2.7022598e-32                  2.7022598e-32
2.6237000e+00                  2.9888029e-32                  2.9888029e-32
2.6238000e+00                  3.3153299e-32                  3.3153299e-32
2.6239000e+00                  3.6608198e-32                  3.6608198e-32
2.6240000e+00                  4.0050239e-32                  4.0050239e-32
2.6241000e+00                  4.3374956e-32                  4.3374956e-32
2.6242000e+00                  4.6632471e-32                  4.6632471e-32
2.6243000e+00                  5.0019028e-32                  5.0019028e-32
2.6244000e+00                  5.3798216e-32                  5.3798216e-32
2.6245000e+00                  5.8179484e-32                  5.8179484e-32
2.6246000e+00                  6.3206688e-32                  6.3206688e-32
2.6247000e+00                  6.8712988e-32                  6.8712988e-32
2.6248000e+00                  7.4375423e-32                  7.4375423e-32
2.6249000e+00                  7.9859381e-32                  7.9859381e-32
2.6250000e+00                  8.4997608e-32                  8.4997608e-32
2.6251000e+00                  8.9921813e-32                  8.9921813e-32
2.6252000e+00                  9.5073364e-32                  9.5073364e-32
2.6253000e+00                  1.0106489e-31                  1.0106489e-31
2.6254000e+00                  1.0843114e-31                  1.0843114e-31
2.6255000e+00                  1.1736683e-31                  1.1736683e-31
2.6256000e+00                  1.2757218e-31                  1.2757218e-31
2.6257000e+00                  1.3829581e-31                  1.3829581e-31
2.6258000e+00                  1.4858752e-31                  1.4858752e-31
2.6259000e+00                  1.5767811e-31                  1.5767811e-31
2.6260000e+00                  1.6533363e-31                  1.6533363e-31
2.6261000e+00                  1.7202249e-31                  1.7202249e-31
2.6262000e+00                  1.7879784e-31                  1.7879784e-31
2.6263000e+00                  1.8691405e-31                  1.8691405e-31
2.6264000e+00                  1.9731729e-31                  1.9731729e-31
2.6265000e+00                  2.1022148e-31                  2.1022148e-31
2.6266000e+00                  2.2496543e-31                  2.2496543e-31
2.6267000e+00                  2.4024168e-31                  2.4024168e-31
2.6268000e+00                  2.5463235e-31                  2.5463235e-31
2.6269000e+00                  2.6724612e-31                  2.6724612e-31
2.6270000e+00                  2.7818900e-31                  2.7818900e-31
2.6271000e+00                  2.8865351e-31                  2.8865351e-31
2.6272000e+00                  3.0056237e-31                  3.0056237e-31
2.6273000e+00                  3.1589070e-31                  3.1589070e-31
2.6274000e+00                  3.3593420e-31                  3.3593420e-31
2.6275000e+00                  3.6082096e-31                  3.6082096e-31
2.6276000e+00                  3.8946784e-31                  3.8946784e-31
2.6277000e+00                  4.1999794e-31                  4.1999794e-31
2.6278000e+00                  4.5044736e-31                  4.5044736e-31
2.6279000e+00                  4.7947860e-31                  4.7947860e-31
2.6280000e+00                  5.0682971e-31                  5.0682971e-31
2.6281000e+00                  5.3335023e-31                  5.3335023e-31
2.6282000e+00                  5.6064651e-31                  5.6064651e-31
2.6283000e+00                  5.9050402e-31                  5.9050402e-31
2.6284000e+00                  6.2431493e-31                  6.2431493e-31
2.6285000e+00                  6.6270368e-31                  6.6270368e-31
2.6286000e+00                  7.0544171e-31                  7.0544171e-31
2.6287000e+00                  7.5163242e-31                  7.5163242e-31
2.6288000e+00                  8.0007944e-31                  8.0007944e-31
2.6289000e+00                  8.4974219e-31                  8.4974219e-31
2.6290000e+00                  9.0020854e-31                  9.0020854e-31
2.6291000e+00                  9.5212629e-31                  9.5212629e-31
2.6292000e+00                  1.0075007e-30                  1.0075007e-30
2.6293000e+00                  1.0697007e-30                  1.0697007e-30
2.6294000e+00                  1.1429931e-30                  1.1429931e-30
2.6295000e+00                  1.2315174e-30                  1.2315174e-30
2.6296000e+00                  1.3378564e-30                  1.3378564e-30
2.6297000e+00                  1.4616563e-30                  1.4616563e-30
2.6298000e+00                  1.5989538e-30                  1.5989538e-30
2.6299000e+00                  1.7427946e-30                  1.7427946e-30
2.6300000e+00                  1.8853146e-30                  1.8853146e-30
2.6301000e+00                  2.0208106e-30                  2.0208106e-30
2.6302000e+00                  2.1487188e-30                  2.1487188e-30
2.6303000e+00                  2.2751671e-30                  2.2751671e-30
2.6304000e+00                  2.4120899e-30                  2.4120899e-30
2.6305000e+00                  2.5737754e-30                  2.5737754e-30
2.6306000e+00                  2.7718549e-30                  2.7718549e-30
2.6307000e+00                  3.0106622e-30                  3.0106622e-30
2.6308000e+00                  3.2850986e-30                  3.2850986e-30
2.6309000e+00                  3.5823751e-30                  3.5823751e-30
2.6310000e+00                  3.8874436e-30                  3.8874436e-30
2.6311000e+00                  4.1901409e-30                  4.1901409e-30
2.6312000e+00                  4.4909054e-30                  4.4909054e-30
2.6313000e+00                  4.8020792e-30                  4.8020792e-30
2.6314000e+00                  5.1434640e-30                  5.1434640e-30
2.6315000e+00                  5.5334154e-30                  5.5334154e-30
2.6316000e+00                  5.9791900e-30                  5.9791900e-30
2.6317000e+00                  6.4712716e-30                  6.4712716e-30
2.6318000e+00                  6.9852393e-30                  6.9852393e-30
2.6319000e+00                  7.4916416e-30                  7.4916416e-30
2.6320000e+00                  7.9704983e-30                  7.9704983e-30
2.6321000e+00                  8.4242175e-30                  8.4242175e-30
2.6322000e+00                  8.8823825e-30                  8.8823825e-30
2.6323000e+00                  9.3945713e-30                  9.3945713e-30
2.6324000e+00                  1.0012305e-29                  1.0012305e-29
2.6325000e+00                  1.0766432e-29                  1.0766432e-29
2.6326000e+00                  1.1649365e-29                  1.1649365e-29
2.6327000e+00                  1.2610870e-29                  1.2610870e-29
2.6328000e+00                  1.3571299e-29                  1.3571299e-29
2.6329000e+00                  1.4448882e-29                  1.4448882e-29
2.6330000e+00                  1.5191020e-29                  1.5191020e-29
2.6331000e+00                  1.5796567e-29                  1.5796567e-29
2.6332000e+00                  1.6318727e-29                  1.6318727e-29
2.6333000e+00                  1.6845853e-29                  1.6845853e-29
2.6334000e+00                  1.7467027e-29                  1.7467027e-29
2.6335000e+00                  1.8236619e-29                  1.8236619e-29
2.6336000e+00                  1.9153548e-29                  1.9153548e-29
2.6337000e+00                  2.0165425e-29                  2.0165425e-29
2.6338000e+00                  2.1197321e-29                  2.1197321e-29
2.6339000e+00                  2.2193707e-29                  2.2193707e-29
2.6340000e+00                  2.3155383e-29                  2.3155383e-29
2.6341000e+00                  2.4154078e-29                  2.4154078e-29
2.6342000e+00                  2.5316137e-29                  2.5316137e-29
2.6343000e+00                  2.6779779e-29                  2.6779779e-29
2.6344000e+00                  2.8642255e-29                  2.8642255e-29
2.6345000e+00                  3.0918291e-29                  3.0918291e-29
2.6346000e+00                  3.3527086e-29                  3.3527086e-29
2.6347000e+00                  3.6313312e-29                  3.6313312e-29
2.6348000e+00                  3.9093544e-29                  3.9093544e-29
2.6349000e+00                  4.1709621e-29                  4.1709621e-29
2.6350000e+00                  4.4069044e-29                  4.4069044e-29
2.6351000e+00                  4.6159671e-29                  4.6159671e-29
2.6352000e+00                  4.8037785e-29                  4.8037785e-29
2.6353000e+00                  4.9799162e-29                  4.9799162e-29
2.6354000e+00                  5.1547625e-29                  5.1547625e-29
2.6355000e+00                  5.3373530e-29                  5.3373530e-29
2.6356000e+00                  5.5347880e-29                  5.5347880e-29
2.6357000e+00                  5.7530421e-29                  5.7530421e-29
2.6358000e+00                  5.9985555e-29                  5.9985555e-29
2.6359000e+00                  6.2799723e-29                  6.2799723e-29
2.6360000e+00                  6.6096853e-29                  6.6096853e-29
2.6361000e+00                  7.0051455e-29                  7.0051455e-29
2.6362000e+00                  7.4898850e-29                  7.4898850e-29
2.6363000e+00                  8.0937776e-29                  8.0937776e-29
2.6364000e+00                  8.8514662e-29                  8.8514662e-29
2.6365000e+00                  9.7976606e-29                  9.7976606e-29
2.6366000e+00                  1.0958686e-28                  1.0958686e-28
2.6367000e+00                  1.2341351e-28                  1.2341351e-28
2.6368000e+00                  1.3922341e-28                  1.3922341e-28
2.6369000e+00                  1.5642814e-28                  1.5642814e-28
2.6370000e+00                  1.7412512e-28                  1.7412512e-28
2.6371000e+00                  1.9125120e-28                  1.9125120e-28
2.6372000e+00                  2.0682361e-28                  2.0682361e-28
2.6373000e+00                  2.2020252e-28                  2.2020252e-28
2.6374000e+00                  2.3128878e-28                  2.3128878e-28
2.6375000e+00                  2.4058517e-28                  2.4058517e-28
2.6376000e+00                  2.4909777e-28                  2.4909777e-28
2.6377000e+00                  2.5812021e-28                  2.5812021e-28
2.6378000e+00                  2.6899908e-28                  2.6899908e-28
2.6379000e+00                  2.8299610e-28                  2.8299610e-28
2.6380000e+00                  3.0132498e-28                  3.0132498e-28
2.6381000e+00                  3.2535573e-28                  3.2535573e-28
2.6382000e+00                  3.5687577e-28                  3.5687577e-28
2.6383000e+00                  3.9822396e-28                  3.9822396e-28
2.6384000e+00                  4.5211162e-28                  4.5211162e-28
2.6385000e+00                  5.2103569e-28                  5.2103569e-28
2.6386000e+00                  6.0635383e-28                  6.0635383e-28
2.6387000e+00                  7.0727408e-28                  7.0727408e-28
2.6388000e+00                  8.2013667e-28                  8.2013667e-28
2.6389000e+00                  9.3836288e-28                  9.3836288e-28
2.6390000e+00                  1.0532846e-27                  1.0532846e-27
2.6391000e+00                  1.1557807e-27                  1.1557807e-27
2.6392000e+00                  1.2383237e-27                  1.2383237e-27
2.6393000e+00                  1.2968240e-27                  1.2968240e-27
2.6394000e+00                  1.3316522e-27                  1.3316522e-27
2.6395000e+00                  1.3474756e-27                  1.3474756e-27
2.6396000e+00                  1.3519726e-27                  1.3519726e-27
2.6397000e+00                  1.3539086e-27                  1.3539086e-27
2.6398000e+00                  1.3612740e-27                  1.3612740e-27
2.6399000e+00                  1.3800882e-27                  1.3800882e-27
2.6400000e+00                  1.4141071e-27                  1.4141071e-27
2.6401000e+00                  1.4652443e-27                  1.4652443e-27
2.6402000e+00                  1.5342538e-27                  1.5342538e-27
2.6403000e+00                  1.6212725e-27                  1.6212725e-27
2.6404000e+00                  1.7261294e-27                  1.7261294e-27
2.6405000e+00                  1.8486625e-27                  1.8486625e-27
2.6406000e+00                  1.9893869e-27                  1.9893869e-27
2.6407000e+00                  2.1505941e-27                  2.1505941e-27
2.6408000e+00                  2.3374417e-27                  2.3374417e-27
2.6409000e+00                  2.5581632e-27                  2.5581632e-27
2.6410000e+00                  2.8225579e-27                  2.8225579e-27
2.6411000e+00                  3.1385939e-27                  3.1385939e-27
2.6412000e+00                  3.5080778e-27                  3.5080778e-27
2.6413000e+00                  3.9233541e-27                  3.9233541e-27
2.6414000e+00                  4.3672566e-27                  4.3672566e-27
2.6415000e+00                  4.8176464e-27                  4.8176464e-27
2.6416000e+00                  5.2560223e-27                  5.2560223e-27
2.6417000e+00                  5.6776595e-27                  5.6776595e-27
2.6418000e+00                  6.0995854e-27                  6.0995854e-27
2.6419000e+00                  6.5632996e-27                  6.5632996e-27
2.6420000e+00                  7.1315751e-27                  7.1315751e-27
2.6421000e+00                  7.8820523e-27                  7.8820523e-27
2.6422000e+00                  8.9029212e-27                  8.9029212e-27
2.6423000e+00                  1.0295877e-26                  1.0295877e-26
2.6424000e+00                  1.2187616e-26                  1.2187616e-26
2.6425000e+00                  1.4744062e-26                  1.4744062e-26
2.6426000e+00                  1.8174190e-26                  1.8174190e-26
2.6427000e+00                  2.2707267e-26                  2.2707267e-26
2.6428000e+00                  2.8532752e-26                  2.8532752e-26
2.6429000e+00                  3.5707176e-26                  3.5707176e-26
2.6430000e+00                  4.4052876e-26                  4.4052876e-26
2.6431000e+00                  5.3090214e-26                  5.3090214e-26
2.6432000e+00                  6.2047098e-26                  6.2047098e-26
2.6433000e+00                  6.9970957e-26                  6.9970957e-26
2.6434000e+00                  7.5932318e-26                  7.5932318e-26
2.6435000e+00                  7.9270078e-26                  7.9270078e-26
2.6436000e+00                  7.9805726e-26                  7.9805726e-26
2.6437000e+00                  7.7961525e-26                  7.7961525e-26
2.6438000e+00                  7.4756578e-26                  7.4756578e-26
2.6439000e+00                  7.1708754e-26                  7.1708754e-26
2.6440000e+00                  7.0713411e-26                  7.0713411e-26
2.6441000e+00                  7.3976576e-26                  7.3976576e-26
2.6442000e+00                  8.4038975e-26                  8.4038975e-26
2.6443000e+00                  1.0384735e-25                  1.0384735e-25
2.6444000e+00                  1.3674214e-25                  1.3674214e-25
2.6445000e+00                  1.8618237e-25                  1.8618237e-25
2.6446000e+00                  2.5506591e-25                  2.5506591e-25
2.6447000e+00                  3.4464782e-25                  3.4464782e-25
2.6448000e+00                  4.5328470e-25                  4.5328470e-25
2.6449000e+00                  5.7545281e-25                  5.7545281e-25
2.6450000e+00                  7.0157853e-25                  7.0157853e-25
2.6451000e+00                  8.1908113e-25                  8.1908113e-25
2.6452000e+00                  9.1464671e-25                  9.1464671e-25
2.6453000e+00                  9.7725151e-25                  9.7725151e-25
2.6454000e+00                  1.0010471e-24                  1.0010471e-24
2.6455000e+00                  9.8712620e-25                  9.8712620e-25
2.6456000e+00                  9.4349136e-25                  9.4349136e-25
2.6457000e+00                  8.8315110e-25                  8.8315110e-25
2.6458000e+00                  8.2091985e-25                  8.2091985e-25
2.6459000e+00                  7.6992563e-25                  7.6992563e-25
2.6460000e+00                  7.3887428e-25                  7.3887428e-25
2.6461000e+00                  7.3079889e-25                  7.3079889e-25
2.6462000e+00                  7.4350496e-25                  7.4350496e-25
2.6463000e+00                  7.7141907e-25                  7.7141907e-25
2.6464000e+00                  8.0821828e-25                  8.0821828e-25
2.6465000e+00                  8.4950762e-25                  8.4950762e-25
2.6466000e+00                  8.9487516e-25                  8.9487516e-25
2.6467000e+00                  9.4880705e-25                  9.4880705e-25
2.6468000e+00                  1.0201393e-24                  1.0201393e-24
2.6469000e+00                  1.1199738e-24                  1.1199738e-24
2.6470000e+00                  1.2583430e-24                  1.2583430e-24
2.6471000e+00                  1.4403774e-24                  1.4403774e-24
2.6472000e+00                  1.6631893e-24                  1.6631893e-24
2.6473000e+00                  1.9149048e-24                  1.9149048e-24
2.6474000e+00                  2.1769701e-24                  2.1769701e-24
2.6475000e+00                  2.4299279e-24                  2.4299279e-24
2.6476000e+00                  2.6615092e-24                  2.6615092e-24
2.6477000e+00                  2.8746239e-24                  2.8746239e-24
2.6478000e+00                  3.0923543e-24                  3.0923543e-24
2.6479000e+00                  3.3578393e-24                  3.3578393e-24
2.6480000e+00                  3.7289976e-24                  3.7289976e-24
2.6481000e+00                  4.2707073e-24                  4.2707073e-24
2.6482000e+00                  5.0490942e-24                  5.0490942e-24
2.6483000e+00                  6.1325590e-24                  6.1325590e-24
2.6484000e+00                  7.6011952e-24                  7.6011952e-24
2.6485000e+00                  9.5606372e-24                  9.5606372e-24
2.6486000e+00                  1.2150224e-23                  1.2150224e-23
2.6487000e+00                  1.5532153e-23                  1.5532153e-23
2.6488000e+00                  1.9851541e-23                  1.9851541e-23
2.6489000e+00                  2.5168426e-23                  2.5168426e-23
2.6490000e+00                  3.1378984e-23                  3.1378984e-23
2.6491000e+00                  3.8157657e-23                  3.8157657e-23
2.6492000e+00                  4.4955802e-23                  4.4955802e-23
2.6493000e+00                  5.1079916e-23                  5.1079916e-23
2.6494000e+00                  5.5845086e-23                  5.5845086e-23
2.6495000e+00                  5.8767066e-23                  5.8767066e-23
2.6496000e+00                  5.9734624e-23                  5.9734624e-23
2.6497000e+00                  5.9105258e-23                  5.9105258e-23
2.6498000e+00                  5.7695348e-23                  5.7695348e-23
2.6499000e+00                  5.6680319e-23                  5.6680319e-23
2.6500000e+00                  5.7461637e-23                  5.7461637e-23
2.6501000e+00                  6.1573488e-23                  6.1573488e-23
2.6502000e+00                  7.0678499e-23                  7.0678499e-23
2.6503000e+00                  8.6640460e-23                  8.6640460e-23
2.6504000e+00                  1.1158379e-22                  1.1158379e-22
2.6505000e+00                  1.4779277e-22                  1.4779277e-22
2.6506000e+00                  1.9731140e-22                  1.9731140e-22
2.6507000e+00                  2.6120421e-22                  2.6120421e-22
2.6508000e+00                  3.3861731e-22                  3.3861731e-22
2.6509000e+00                  4.2597124e-22                  4.2597124e-22
2.6510000e+00                  5.1672154e-22                  5.1672154e-22
2.6511000e+00                  6.0204369e-22                  6.0204369e-22
2.6512000e+00                  6.7251288e-22                  6.7251288e-22
2.6513000e+00                  7.2043650e-22                  7.2043650e-22
2.6514000e+00                  7.4213323e-22                  7.4213323e-22
2.6515000e+00                  7.3932275e-22                  7.3932275e-22
2.6516000e+00                  7.1899733e-22                  7.1899733e-22
2.6517000e+00                  6.9164251e-22                  6.9164251e-22
2.6518000e+00                  6.6827268e-22                  6.6827268e-22
2.6519000e+00                  6.5720627e-22                  6.5720627e-22
2.6520000e+00                  6.6163705e-22                  6.6163705e-22
2.6521000e+00                  6.7880809e-22                  6.7880809e-22
2.6522000e+00                  7.0105424e-22                  7.0105424e-22
2.6523000e+00                  7.1834895e-22                  7.1834895e-22
2.6524000e+00                  7.2149678e-22                  7.2149678e-22
2.6525000e+00                  7.0493016e-22                  7.0493016e-22
2.6526000e+00                  6.6825424e-22                  6.6825424e-22
2.6527000e+00                  6.1615501e-22                  6.1615501e-22
2.6528000e+00                  5.5685533e-22                  5.5685533e-22
2.6529000e+00                  4.9975148e-22                  4.9975148e-22
2.6530000e+00                  4.5304064e-22                  4.5304064e-22
2.6531000e+00                  4.2202970e-22                  4.2202970e-22
2.6532000e+00                  4.0849621e-22                  4.0849621e-22
2.6533000e+00                  4.1110720e-22                  4.1110720e-22
2.6534000e+00                  4.2662494e-22                  4.2662494e-22
2.6535000e+00                  4.5149640e-22                  4.5149640e-22
2.6536000e+00                  4.8341088e-22                  4.8341088e-22
2.6537000e+00                  5.2245664e-22                  5.2245664e-22
2.6538000e+00                  5.7156708e-22                  5.7156708e-22
2.6539000e+00                  6.3603046e-22                  6.3603046e-22
2.6540000e+00                  7.2199884e-22                  7.2199884e-22
2.6541000e+00                  8.3421750e-22                  8.3421750e-22
2.6542000e+00                  9.7357602e-22                  9.7357602e-22
2.6543000e+00                  1.1354127e-21                  1.1354127e-21
2.6544000e+00                  1.3095697e-21                  1.3095697e-21
2.6545000e+00                  1.4828251e-21                  1.4828251e-21
2.6546000e+00                  1.6435219e-21                  1.6435219e-21
2.6547000e+00                  1.7872296e-21                  1.7872296e-21
2.6548000e+00                  1.9215584e-21                  1.9215584e-21
2.6549000e+00                  2.0682522e-21                  2.0682522e-21
2.6550000e+00                  2.2616309e-21                  2.2616309e-21
2.6551000e+00                  2.5441335e-21                  2.5441335e-21
2.6552000e+00                  2.9614555e-21                  2.9614555e-21
2.6553000e+00                  3.5606280e-21                  3.5606280e-21
2.6554000e+00                  4.3934791e-21                  4.3934791e-21
2.6555000e+00                  5.5249594e-21                  5.5249594e-21
2.6556000e+00                  7.0415744e-21                  7.0415744e-21
2.6557000e+00                  9.0515548e-21                  9.0515548e-21
2.6558000e+00                  1.1667983e-20                  1.1667983e-20
2.6559000e+00                  1.4970821e-20                  1.4970821e-20
2.6560000e+00                  1.8953447e-20                  1.8953447e-20
2.6561000e+00                  2.3470701e-20                  2.3470701e-20
2.6562000e+00                  2.8212830e-20                  2.8212830e-20
2.6563000e+00                  3.2727574e-20                  3.2727574e-20
2.6564000e+00                  3.6498917e-20                  3.6498917e-20
2.6565000e+00                  3.9069531e-20                  3.9069531e-20
2.6566000e+00                  4.0173821e-20                  4.0173821e-20
2.6567000e+00                  3.9840191e-20                  3.9840191e-20
2.6568000e+00                  3.8430774e-20                  3.8430774e-20
2.6569000e+00                  3.6612345e-20                  3.6612345e-20
2.6570000e+00                  3.5282611e-20                  3.5282611e-20
2.6571000e+00                  3.5496619e-20                  3.5496619e-20
2.6572000e+00                  3.8435783e-20                  3.8435783e-20
2.6573000e+00                  4.5432552e-20                  4.5432552e-20
2.6574000e+00                  5.8014971e-20                  5.8014971e-20
2.6575000e+00                  7.7887511e-20                  7.7887511e-20
2.6576000e+00                  1.0674574e-19                  1.0674574e-19
2.6577000e+00                  1.4585764e-19                  1.4585764e-19
2.6578000e+00                  1.9544106e-19                  1.9544106e-19
2.6579000e+00                  2.5399975e-19                  2.5399975e-19
2.6580000e+00                  3.1789262e-19                  3.1789262e-19
2.6581000e+00                  3.8143001e-19                  3.8143001e-19
2.6582000e+00                  4.3767014e-19                  4.3767014e-19
2.6583000e+00                  4.7984255e-19                  4.7984255e-19
2.6584000e+00                  5.0304241e-19                  5.0304241e-19
2.6585000e+00                  5.0564999e-19                  5.0564999e-19
2.6586000e+00                  4.8994322e-19                  4.8994322e-19
2.6587000e+00                  4.6161001e-19                  4.6161001e-19
2.6588000e+00                  4.2824780e-19                  4.2824780e-19
2.6589000e+00                  3.9730518e-19                  3.9730518e-19
2.6590000e+00                  3.7412241e-19                  3.7412241e-19
2.6591000e+00                  3.6068643e-19                  3.6068643e-19
2.6592000e+00                  3.5545596e-19                  3.5545596e-19
2.6593000e+00                  3.5424159e-19                  3.5424159e-19
2.6594000e+00                  3.5178515e-19                  3.5178515e-19
2.6595000e+00                  3.4348867e-19                  3.4348867e-19
2.6596000e+00                  3.2675097e-19                  3.2675097e-19
2.6597000e+00                  3.0155777e-19                  3.0155777e-19
2.6598000e+00                  2.7025479e-19                  2.7025479e-19
2.6599000e+00                  2.3670106e-19                  2.3670106e-19
2.6600000e+00                  2.0515849e-19                  2.0515849e-19
2.6601000e+00                  1.7928391e-19                  1.7928391e-19
2.6602000e+00                  1.6148001e-19                  1.6148001e-19
2.6603000e+00                  1.5269944e-19                  1.5269944e-19
2.6604000e+00                  1.5265632e-19                  1.5265632e-19
2.6605000e+00                  1.6032019e-19                  1.6032019e-19
2.6606000e+00                  1.7454498e-19                  1.7454498e-19
2.6607000e+00                  1.9468806e-19                  1.9468806e-19
2.6608000e+00                  2.2107089e-19                  2.2107089e-19
2.6609000e+00                  2.5512490e-19                  2.5512490e-19
2.6610000e+00                  2.9908681e-19                  2.9908681e-19
2.6611000e+00                  3.5520141e-19                  3.5520141e-19
2.6612000e+00                  4.2457176e-19                  4.2457176e-19
2.6613000e+00                  5.0602032e-19                  5.0602032e-19
2.6614000e+00                  5.9548230e-19                  5.9548230e-19
2.6615000e+00                  6.8642188e-19                  6.8642188e-19
2.6616000e+00                  7.7147937e-19                  7.7147937e-19
2.6617000e+00                  8.4508059e-19                  8.4508059e-19
2.6618000e+00                  9.0625723e-19                  9.0625723e-19
2.6619000e+00                  9.6068825e-19                  9.6068825e-19
2.6620000e+00                  1.0211701e-18                  1.0211701e-18
2.6621000e+00                  1.1063736e-18                  1.1063736e-18
2.6622000e+00                  1.2386279e-18                  1.2386279e-18
2.6623000e+00                  1.4421749e-18                  1.4421749e-18
2.6624000e+00                  1.7433883e-18                  1.7433883e-18
2.6625000e+00                  2.1735438e-18                  2.1735438e-18
2.6626000e+00                  2.7729495e-18                  2.7729495e-18
2.6627000e+00                  3.5932253e-18                  3.5932253e-18
2.6628000e+00                  4.6933678e-18                  4.6933678e-18
2.6629000e+00                  6.1261191e-18                  6.1261191e-18
2.6630000e+00                  7.9146256e-18                  7.9146256e-18
2.6631000e+00                  1.0024706e-17                  1.0024706e-17
2.6632000e+00                  1.2343068e-17                  1.2343068e-17
2.6633000e+00                  1.4673612e-17                  1.4673612e-17
2.6634000e+00                  1.6760392e-17                  1.6760392e-17
2.6635000e+00                  1.8337073e-17                  1.8337073e-17
2.6636000e+00                  1.9191961e-17                  1.9191961e-17
2.6637000e+00                  1.9229966e-17                  1.9229966e-17
2.6638000e+00                  1.8512611e-17                  1.8512611e-17
2.6639000e+00                  1.7265622e-17                  1.7265622e-17
2.6640000e+00                  1.5857590e-17                  1.5857590e-17
2.6641000e+00                  1.4766052e-17                  1.4766052e-17
2.6642000e+00                  1.4552200e-17                  1.4552200e-17
2.6643000e+00                  1.5857996e-17                  1.5857996e-17
2.6644000e+00                  1.9420818e-17                  1.9420818e-17
2.6645000e+00                  2.6077570e-17                  2.6077570e-17
2.6646000e+00                  3.6713846e-17                  3.6713846e-17
2.6647000e+00                  5.2116576e-17                  5.2116576e-17
2.6648000e+00                  7.2718700e-17                  7.2718700e-17
2.6649000e+00                  9.8278420e-17                  9.8278420e-17
2.6650000e+00                  1.2759544e-16                  1.2759544e-16
2.6651000e+00                  1.5840175e-16                  1.5840175e-16
2.6652000e+00                  1.8754539e-16                  1.8754539e-16
2.6653000e+00                  2.1150219e-16                  2.1150219e-16
2.6654000e+00                  2.2712389e-16                  2.2712389e-16
2.6655000e+00                  2.3241437e-16                  2.3241437e-16
2.6656000e+00                  2.2707714e-16                  2.2707714e-16
2.6657000e+00                  2.1263053e-16                  2.1263053e-16
2.6658000e+00                  1.9203006e-16                  1.9203006e-16
2.6659000e+00                  1.6891079e-16                  1.6891079e-16
2.6660000e+00                  1.4669329e-16                  1.4669329e-16
2.6661000e+00                  1.2783177e-16                  1.2783177e-16
2.6662000e+00                  1.1341369e-16                  1.1341369e-16
2.6663000e+00                  1.0318424e-16                  1.0318424e-16
2.6664000e+00                  9.5925235e-17                  9.5925235e-17
2.6665000e+00                  9.0019122e-17                  9.0019122e-17
2.6666000e+00                  8.4001753e-17                  8.4001753e-17
2.6667000e+00                  7.6949257e-17                  7.6949257e-17
2.6668000e+00                  6.8626688e-17                  6.8626688e-17
2.6669000e+00                  5.9414141e-17                  5.9414141e-17
2.6670000e+00                  5.0088266e-17                  5.0088266e-17
2.6671000e+00                  4.1558614e-17                  4.1558614e-17
2.6672000e+00                  3.4641965e-17                  3.4641965e-17
2.6673000e+00                  2.9920863e-17                  2.9920863e-17
2.6674000e+00                  2.7695673e-17                  2.7695673e-17
2.6675000e+00                  2.8016387e-17                  2.8016387e-17
2.6676000e+00                  3.0772616e-17                  3.0772616e-17
2.6677000e+00                  3.5819070e-17                  3.5819070e-17
2.6678000e+00                  4.3108918e-17                  4.3108918e-17
2.6679000e+00                  5.2795449e-17                  5.2795449e-17
2.6680000e+00                  6.5251695e-17                  6.5251695e-17
2.6681000e+00                  8.0963841e-17                  8.0963841e-17
2.6682000e+00                  1.0029014e-16                  1.0029014e-16
2.6683000e+00                  1.2313991e-16                  1.2313991e-16
2.6684000e+00                  1.4869371e-16                  1.4869371e-16
2.6685000e+00                  1.7531918e-16                  1.7531918e-16
2.6686000e+00                  2.0080389e-16                  2.0080389e-16
2.6687000e+00                  2.2292240e-16                  2.2292240e-16
2.6688000e+00                  2.4021223e-16                  2.4021223e-16
2.6689000e+00                  2.5271686e-16                  2.5271686e-16
2.6690000e+00                  2.6243219e-16                  2.6243219e-16
2.6691000e+00                  2.7329831e-16                  2.7329831e-16
2.6692000e+00                  2.9078832e-16                  2.9078832e-16
2.6693000e+00                  3.2137152e-16                  3.2137152e-16
2.6694000e+00                  3.7224924e-16                  3.7224924e-16
2.6695000e+00                  4.5166864e-16                  4.5166864e-16
2.6696000e+00                  5.6977766e-16                  5.6977766e-16
2.6697000e+00                  7.3947832e-16                  7.3947832e-16
2.6698000e+00                  9.7628626e-16                  9.7628626e-16
2.6699000e+00                  1.2961140e-15                  1.2961140e-15
2.6700000e+00                  1.7104124e-15                  1.7104124e-15
2.6701000e+00                  2.2192434e-15                  2.2192434e-15
2.6702000e+00                  2.8042743e-15                  2.8042743e-15
2.6703000e+00                  3.4247039e-15                  3.4247039e-15
2.6704000e+00                  4.0190468e-15                  4.0190468e-15
2.6705000e+00                  4.5141700e-15                  4.5141700e-15
2.6706000e+00                  4.8403699e-15                  4.8403699e-15
2.6707000e+00                  4.9486807e-15                  4.9486807e-15
2.6708000e+00                  4.8253327e-15                  4.8253327e-15
2.6709000e+00                  4.4991862e-15                  4.4991862e-15
2.6710000e+00                  4.0408536e-15                  4.0408536e-15
2.6711000e+00                  3.5558228e-15                  3.5558228e-15
2.6712000e+00                  3.1763794e-15                  3.1763794e-15
2.6713000e+00                  3.0570116e-15                  3.0570116e-15
2.6714000e+00                  3.3748389e-15                  3.3748389e-15
2.6715000e+00                  4.3314279e-15                  4.3314279e-15
2.6716000e+00                  6.1473586e-15                  6.1473586e-15
2.6717000e+00                  9.0389453e-15                  9.0389453e-15
2.6718000e+00                  1.3170054e-14                  1.3170054e-14
2.6719000e+00                  1.8581725e-14                  1.8581725e-14
2.6720000e+00                  2.5116000e-14                  2.5116000e-14
2.6721000e+00                  3.2362438e-14                  3.2362438e-14
2.6722000e+00                  3.9658960e-14                  3.9658960e-14
2.6723000e+00                  4.6167709e-14                  4.6167709e-14
2.6724000e+00                  5.1022170e-14                  5.1022170e-14
2.6725000e+00                  5.3512280e-14                  5.3512280e-14
2.6726000e+00                  5.3253092e-14                  5.3253092e-14
2.6727000e+00                  5.0281431e-14                  5.0281431e-14
2.6728000e+00                  4.5046939e-14                  4.5046939e-14
2.6729000e+00                  3.8300564e-14                  3.8300564e-14
2.6730000e+00                  3.0918742e-14                  3.0918742e-14
2.6731000e+00                  2.3720065e-14                  2.3720065e-14
2.6732000e+00                  1.7326443e-14                  1.7326443e-14
2.6733000e+00                  1.2097732e-14                  1.2097732e-14
2.6734000e+00                  8.1397442e-15                  8.1397442e-15
2.6735000e+00                  5.3634426e-15                  5.3634426e-15
2.6736000e+00                  3.5646353e-15                  3.5646353e-15
2.6737000e+00                  2.4979550e-15                  2.4979550e-15
2.6738000e+00                  1.9303995e-15                  1.9303995e-15
2.6739000e+00                  1.6713674e-15                  1.6713674e-15
2.6740000e+00                  1.5836243e-15                  1.5836243e-15
2.6741000e+00                  1.5820572e-15                  1.5820572e-15
2.6742000e+00                  1.6260304e-15                  1.6260304e-15
2.6743000e+00                  1.7090197e-15                  1.7090197e-15
2.6744000e+00                  1.8476775e-15                  1.8476775e-15
2.6745000e+00                  2.0721088e-15                  2.0721088e-15
2.6746000e+00                  2.4193414e-15                  2.4193414e-15
2.6747000e+00                  2.9317715e-15                  2.9317715e-15
2.6748000e+00                  3.6608987e-15                  3.6608987e-15
2.6749000e+00                  4.6738643e-15                  4.6738643e-15
2.6750000e+00                  6.0570987e-15                  6.0570987e-15
2.6751000e+00                  7.9095847e-15                  7.9095847e-15
2.6752000e+00                  1.0319827e-14                  1.0319827e-14
2.6753000e+00                  1.3326509e-14                  1.3326509e-14
2.6754000e+00                  1.6871818e-14                  1.6871818e-14
2.6755000e+00                  2.0764850e-14                  2.0764850e-14
2.6756000e+00                  2.4675492e-14                  2.4675492e-14
2.6757000e+00                  2.8173158e-14                  2.8173158e-14
2.6758000e+00                  3.0810008e-14                  3.0810008e-14
2.6759000e+00                  3.2230263e-14                  3.2230263e-14
2.6760000e+00                  3.2274318e-14                  3.2274318e-14
2.6761000e+00                  3.1046040e-14                  3.1046040e-14
2.6762000e+00                  2.8925934e-14                  2.8925934e-14
2.6763000e+00                  2.6536266e-14                  2.6536266e-14
2.6764000e+00                  2.4685766e-14                  2.4685766e-14
2.6765000e+00                  2.4329381e-14                  2.4329381e-14
2.6766000e+00                  2.6565704e-14                  2.6565704e-14
2.6767000e+00                  3.2662923e-14                  3.2662923e-14
2.6768000e+00                  4.4064859e-14                  4.4064859e-14
2.6769000e+00                  6.2301232e-14                  6.2301232e-14
2.6770000e+00                  8.8731673e-14                  8.8731673e-14
2.6771000e+00                  1.2410478e-13                  1.2410478e-13
2.6772000e+00                  1.6800615e-13                  1.6800615e-13
2.6773000e+00                  2.1837145e-13                  2.1837145e-13
2.6774000e+00                  2.7130038e-13                  2.7130038e-13
2.6775000e+00                  3.2137442e-13                  3.2137442e-13
2.6776000e+00                  3.6253723e-13                  3.6253723e-13
2.6777000e+00                  3.8938024e-13                  3.8938024e-13
2.6778000e+00                  3.9847561e-13                  3.9847561e-13
2.6779000e+00                  3.8931533e-13                  3.8931533e-13
2.6780000e+00                  3.6450803e-13                  3.6450803e-13
2.6781000e+00                  3.2912931e-13                  3.2912931e-13
2.6782000e+00                  2.8941997e-13                  2.8941997e-13
2.6783000e+00                  2.5125060e-13                  2.5125060e-13
2.6784000e+00                  2.1883061e-13                  2.1883061e-13
2.6785000e+00                  1.9402147e-13                  1.9402147e-13
2.6786000e+00                  1.7638012e-13                  1.7638012e-13
2.6787000e+00                  1.6381136e-13                  1.6381136e-13
2.6788000e+00                  1.5353819e-13                  1.5353819e-13
2.6789000e+00                  1.4305225e-13                  1.4305225e-13
2.6790000e+00                  1.3077771e-13                  1.3077771e-13
2.6791000e+00                  1.1632412e-13                  1.1632412e-13
2.6792000e+00                  1.0035505e-13                  1.0035505e-13
2.6793000e+00                  8.4207639e-14                  8.4207639e-14
2.6794000e+00                  6.9435308e-14                  6.9435308e-14
2.6795000e+00                  5.7418427e-14                  5.7418427e-14
2.6796000e+00                  4.9123030e-14                  4.9123030e-14
2.6797000e+00                  4.5022929e-14                  4.5022929e-14
2.6798000e+00                  4.5159106e-14                  4.5159106e-14
2.6799000e+00                  4.9296091e-14                  4.9296091e-14
2.6800000e+00                  5.7133942e-14                  5.7133942e-14
2.6801000e+00                  6.8528944e-14                  6.8528944e-14
2.6802000e+00                  8.3659750e-14                  8.3659750e-14
2.6803000e+00                  1.0306078e-13                  1.0306078e-13
2.6804000e+00                  1.2745576e-13                  1.2745576e-13
2.6805000e+00                  1.5738115e-13                  1.5738115e-13
2.6806000e+00                  1.9268762e-13                  1.9268762e-13
2.6807000e+00                  2.3211089e-13                  2.3211089e-13
2.6808000e+00                  2.7315279e-13                  2.7315279e-13
2.6809000e+00                  3.1245925e-13                  3.1245925e-13
2.6810000e+00                  3.4671620e-13                  3.4671620e-13
2.6811000e+00                  3.7386099e-13                  3.7386099e-13
2.6812000e+00                  3.9422705e-13                  3.9422705e-13
2.6813000e+00                  4.1120967e-13                  4.1120967e-13
2.6814000e+00                  4.3121320e-13                  4.3121320e-13
2.6815000e+00                  4.6297431e-13                  4.6297431e-13
2.6816000e+00                  5.1671370e-13                  5.1671370e-13
2.6817000e+00                  6.0375553e-13                  6.0375553e-13
2.6818000e+00                  7.3709679e-13                  7.3709679e-13
2.6819000e+00                  9.3285045e-13                  9.3285045e-13
2.6820000e+00                  1.2116656e-12                  1.2116656e-12
2.6821000e+00                  1.5985043e-12                  1.5985043e-12
2.6822000e+00                  2.1190177e-12                  2.1190177e-12
2.6823000e+00                  2.7916180e-12                  2.7916180e-12
2.6824000e+00                  3.6162000e-12                  3.6162000e-12
2.6825000e+00                  4.5627692e-12                  4.5627692e-12
2.6826000e+00                  5.5648731e-12                  5.5648731e-12
2.6827000e+00                  6.5225699e-12                  6.5225699e-12
2.6828000e+00                  7.3171556e-12                  7.3171556e-12
2.6829000e+00                  7.8356426e-12                  7.8356426e-12
2.6830000e+00                  7.9988022e-12                  7.9988022e-12
2.6831000e+00                  7.7845861e-12                  7.7845861e-12
2.6832000e+00                  7.2402831e-12                  7.2402831e-12
2.6833000e+00                  6.4814918e-12                  6.4814918e-12
2.6834000e+00                  5.6817903e-12                  5.6817903e-12
2.6835000e+00                  5.0608931e-12                  5.0608931e-12
2.6836000e+00                  4.8786864e-12                  4.8786864e-12
2.6837000e+00                  5.4371863e-12                  5.4371863e-12
2.6838000e+00                  7.0838284e-12                  7.0838284e-12
2.6839000e+00                  1.0201283e-11                  1.0201283e-11
2.6840000e+00                  1.5165961e-11                  1.5165961e-11
2.6841000e+00                  2.2263629e-11                  2.2263629e-11
2.6842000e+00                  3.1567317e-11                  3.1567317e-11
2.6843000e+00                  4.2806010e-11                  4.2806010e-11
2.6844000e+00                  5.5273066e-11                  5.5273066e-11
2.6845000e+00                  6.7828470e-11                  6.7828470e-11
2.6846000e+00                  7.9030110e-11                  7.9030110e-11
2.6847000e+00                  8.7387227e-11                  8.7387227e-11
2.6848000e+00                  9.1678750e-11                  9.1678750e-11
2.6849000e+00                  9.1242967e-11                  9.1242967e-11
2.6850000e+00                  8.6143224e-11                  8.6143224e-11
2.6851000e+00                  7.7152104e-11                  7.7152104e-11
2.6852000e+00                  6.5559442e-11                  6.5559442e-11
2.6853000e+00                  5.2869984e-11                  5.2869984e-11
2.6854000e+00                  4.0488278e-11                  4.0488278e-11
2.6855000e+00                  2.9480240e-11                  2.9480240e-11
2.6856000e+00                  2.0461234e-11                  2.0461234e-11
2.6857000e+00                  1.3610625e-11                  1.3610625e-11
2.6858000e+00                  8.7745248e-12                  8.7745248e-12
2.6859000e+00                  5.6037216e-12                  5.6037216e-12
2.6860000e+00                  3.6812845e-12                  3.6812845e-12
2.6861000e+00                  2.6140454e-12                  2.6140454e-12
2.6862000e+00                  2.0824924e-12                  2.0824924e-12
2.6863000e+00                  1.8569460e-12                  1.8569460e-12
2.6864000e+00                  1.7925453e-12                  1.7925453e-12
2.6865000e+00                  1.8140303e-12                  1.8140303e-12
2.6866000e+00                  1.8974339e-12                  1.8974339e-12
2.6867000e+00                  2.0525436e-12                  2.0525436e-12
2.6868000e+00                  2.3084415e-12                  2.3084415e-12
2.6869000e+00                  2.7040877e-12                  2.7040877e-12
2.6870000e+00                  3.2854879e-12                  3.2854879e-12
2.6871000e+00                  4.1093863e-12                  4.1093863e-12
2.6872000e+00                  5.2503907e-12                  5.2503907e-12
2.6873000e+00                  6.8049608e-12                  6.8049608e-12
2.6874000e+00                  8.8837679e-12                  8.8837679e-12
2.6875000e+00                  1.1585778e-11                  1.1585778e-11
2.6876000e+00                  1.4954065e-11                  1.4954065e-11
2.6877000e+00                  1.8923459e-11                  1.8923459e-11
2.6878000e+00                  2.3279577e-11                  2.3279577e-11
2.6879000e+00                  2.7652090e-11                  2.7652090e-11
2.6880000e+00                  3.1558264e-11                  3.1558264e-11
2.6881000e+00                  3.4496282e-11                  3.4496282e-11
2.6882000e+00                  3.6067697e-11                  3.6067697e-11
2.6883000e+00                  3.6093994e-11                  3.6093994e-11
2.6884000e+00                  3.4692036e-11                  3.4692036e-11
2.6885000e+00                  3.2289284e-11                  3.2289284e-11
2.6886000e+00                  2.9585892e-11                  2.9585892e-11
2.6887000e+00                  2.7494774e-11                  2.7494774e-11
2.6888000e+00                  2.7099173e-11                  2.7099173e-11
2.6889000e+00                  2.9652441e-11                  2.9652441e-11
2.6890000e+00                  3.6608651e-11                  3.6608651e-11
2.6891000e+00                  4.9628348e-11                  4.9628348e-11
2.6892000e+00                  7.0473033e-11                  7.0473033e-11
2.6893000e+00                  1.0070872e-10                  1.0070872e-10
2.6894000e+00                  1.4119830e-10                  1.4119830e-10
2.6895000e+00                  1.9146830e-10                  1.9146830e-10
2.6896000e+00                  2.4915180e-10                  2.4915180e-10
2.6897000e+00                  3.0977730e-10                  3.0977730e-10
2.6898000e+00                  3.6713480e-10                  3.6713480e-10
2.6899000e+00                  4.1428570e-10                  4.1428570e-10
2.6900000e+00                  4.4503563e-10                  4.4503563e-10
2.6901000e+00                  4.5546022e-10                  4.5546022e-10
2.6902000e+00                  4.4497929e-10                  4.4497929e-10
2.6903000e+00                  4.1658070e-10                  4.1658070e-10
2.6904000e+00                  3.7607543e-10                  3.7607543e-10
2.6905000e+00                  3.3060648e-10                  3.3060648e-10
2.6906000e+00                  2.8689075e-10                  2.8689075e-10
2.6907000e+00                  2.4974152e-10                  2.4974152e-10
2.6908000e+00                  2.2128301e-10                  2.2128301e-10
2.6909000e+00                  2.0100168e-10                  2.0100168e-10
2.6910000e+00                  1.8649517e-10                  1.8649517e-10
2.6911000e+00                  1.7458516e-10                  1.7458516e-10
2.6912000e+00                  1.6240684e-10                  1.6240684e-10
2.6913000e+00                  1.4816845e-10                  1.4816845e-10
2.6914000e+00                  1.3143795e-10                  1.3143795e-10
2.6915000e+00                  1.1298757e-10                  1.1298757e-10
2.6916000e+00                  9.4352170e-11                  9.4352170e-11
2.6917000e+00                  7.7300720e-11                  7.7300720e-11
2.6918000e+00                  6.3388382e-11                  6.3388382e-11
2.6919000e+00                  5.3682185e-11                  5.3682185e-11
2.6920000e+00                  4.8676832e-11                  4.8676832e-11
2.6921000e+00                  4.8368032e-11                  4.8368032e-11
2.6922000e+00                  5.2433483e-11                  5.2433483e-11
2.6923000e+00                  6.0471474e-11                  6.0471474e-11
2.6924000e+00                  7.2244052e-11                  7.2244052e-11
2.6925000e+00                  8.7857727e-11                  8.7857727e-11
2.6926000e+00                  1.0780166e-10                  1.0780166e-10
2.6927000e+00                  1.3277634e-10                  1.3277634e-10
2.6928000e+00                  1.6330557e-10                  1.6330557e-10
2.6929000e+00                  1.9922624e-10                  1.9922624e-10
2.6930000e+00                  2.3925562e-10                  2.3925562e-10
2.6931000e+00                  2.8088446e-10                  2.8088446e-10
2.6932000e+00                  3.2078452e-10                  3.2078452e-10
2.6933000e+00                  3.5574506e-10                  3.5574506e-10
2.6934000e+00                  3.8392135e-10                  3.8392135e-10
2.6935000e+00                  4.0599491e-10                  4.0599491e-10
2.6936000e+00                  4.2582049e-10                  4.2582049e-10
2.6937000e+00                  4.5032086e-10                  4.5032086e-10
2.6938000e+00                  4.8874485e-10                  4.8874485e-10
2.6939000e+00                  5.5177881e-10                  5.5177881e-10
2.6940000e+00                  6.5119291e-10                  6.5119291e-10
2.6941000e+00                  8.0052672e-10                  8.0052672e-10
2.6942000e+00                  1.0167124e-09                  1.0167124e-09
2.6943000e+00                  1.3216503e-09                  1.3216503e-09
2.6944000e+00                  1.7419770e-09                  1.7419770e-09
2.6945000e+00                  2.3051299e-09                  2.3051299e-09
2.6946000e+00                  3.0307484e-09                  3.0307484e-09
2.6947000e+00                  3.9184712e-09                  3.9184712e-09
2.6948000e+00                  4.9356702e-09                  4.9356702e-09
2.6949000e+00                  6.0104165e-09                  6.0104165e-09
2.6950000e+00                  7.0347660e-09                  7.0347660e-09
2.6951000e+00                  7.8807105e-09                  7.8807105e-09
2.6952000e+00                  8.4265839e-09                  8.4265839e-09
2.6953000e+00                  8.5872424e-09                  8.5872424e-09
2.6954000e+00                  8.3392697e-09                  8.3392697e-09
2.6955000e+00                  7.7342002e-09                  7.7342002e-09
2.6956000e+00                  6.8978945e-09                  6.8978945e-09
2.6957000e+00                  6.0204079e-09                  6.0204079e-09
2.6958000e+00                  5.3447532e-09                  5.3447532e-09
2.6959000e+00                  5.1622765e-09                  5.1622765e-09
2.6960000e+00                  5.8162960e-09                  5.8162960e-09
2.6961000e+00                  7.7060613e-09                  7.7060613e-09
2.6962000e+00                  1.1274115e-08                  1.1274115e-08
2.6963000e+00                  1.6957043e-08                  1.6957043e-08
2.6964000e+00                  2.5086994e-08                  2.5086994e-08
2.6965000e+00                  3.5750481e-08                  3.5750481e-08
2.6966000e+00                  4.8637488e-08                  4.8637488e-08
2.6967000e+00                  6.2936927e-08                  6.2936927e-08
2.6968000e+00                  7.7340163e-08                  7.7340163e-08
2.6969000e+00                  9.0192442e-08                  9.0192442e-08
2.6970000e+00                  9.9783997e-08                  9.9783997e-08
2.6971000e+00                  1.0471500e-07                  1.0471500e-07
2.6972000e+00                  1.0422722e-07                  1.0422722e-07
2.6973000e+00                  9.8393389e-08                  9.8393389e-08
2.6974000e+00                  8.8098557e-08                  8.8098557e-08
2.6975000e+00                  7.4819771e-08                  7.4819771e-08
2.6976000e+00                  6.0279459e-08                  6.0279459e-08
2.6977000e+00                  4.6084380e-08                  4.6084380e-08
2.6978000e+00                  3.3452649e-08                  3.3452649e-08
2.6979000e+00                  2.3086000e-08                  2.3086000e-08
2.6980000e+00                  1.5187283e-08                  1.5187283e-08
2.6981000e+00                  9.5792640e-09                  9.5792640e-09
2.6982000e+00                  5.8636667e-09                  5.8636667e-09
2.6983000e+00                  3.5678159e-09                  3.5678159e-09
2.6984000e+00                  2.2488473e-09                  2.2488473e-09
2.6985000e+00                  1.5489992e-09                  1.5489992e-09
2.6986000e+00                  1.2112921e-09                  1.2112921e-09
2.6987000e+00                  1.0707494e-09                  1.0707494e-09
2.6988000e+00                  1.0348043e-09                  1.0348043e-09
2.6989000e+00                  1.0618856e-09                  1.0618856e-09
2.6990000e+00                  1.1427400e-09                  1.1427400e-09
2.6991000e+00                  1.2863126e-09                  1.2863126e-09
2.6992000e+00                  1.5108478e-09                  1.5108478e-09
2.6993000e+00                  1.8403435e-09                  1.8403435e-09
2.6994000e+00                  2.3056602e-09                  2.3056602e-09
2.6995000e+00                  2.9480816e-09                  2.9480816e-09
2.6996000e+00                  3.8213541e-09                  3.8213541e-09
2.6997000e+00                  4.9872999e-09                  4.9872999e-09
2.6998000e+00                  6.5012181e-09                  6.5012181e-09
2.6999000e+00                  8.3870714e-09                  8.3870714e-09
2.7000000e+00                  1.0608136e-08                  1.0608136e-08
2.7001000e+00                  1.3044083e-08                  1.3044083e-08
2.7002000e+00                  1.5487270e-08                  1.5487270e-08
2.7003000e+00                  1.7667213e-08                  1.7667213e-08
2.7004000e+00                  1.9302883e-08                  1.9302883e-08
2.7005000e+00                  2.0171265e-08                  2.0171265e-08
2.7006000e+00                  2.0172572e-08                  2.0172572e-08
2.7007000e+00                  1.9372524e-08                  1.9372524e-08
2.7008000e+00                  1.8011139e-08                  1.8011139e-08
2.7009000e+00                  1.6482198e-08                  1.6482198e-08
2.7010000e+00                  1.5300868e-08                  1.5300868e-08
2.7011000e+00                  1.5081492e-08                  1.5081492e-08
2.7012000e+00                  1.6539023e-08                  1.6539023e-08
2.7013000e+00                  2.0507067e-08                  2.0507067e-08
2.7014000e+00                  2.7940503e-08                  2.7940503e-08
2.7015000e+00                  3.9853492e-08                  3.9853492e-08
2.7016000e+00                  5.7147855e-08                  5.7147855e-08
2.7017000e+00                  8.0320886e-08                  8.0320886e-08
2.7018000e+00                  1.0910209e-07                  1.0910209e-07
2.7019000e+00                  1.4213455e-07                  1.4213455e-07
2.7020000e+00                  1.7685509e-07                  1.7685509e-07
2.7021000e+00                  2.0970518e-07                  2.0970518e-07
2.7022000e+00                  2.3671017e-07                  2.3671017e-07
2.7023000e+00                  2.5432289e-07                  2.5432289e-07
2.7024000e+00                  2.6029699e-07                  2.6029699e-07
2.7025000e+00                  2.5430116e-07                  2.5430116e-07
2.7026000e+00                  2.3804654e-07                  2.3804654e-07
2.7027000e+00                  2.1485960e-07                  2.1485960e-07
2.7028000e+00                  1.8882810e-07                  1.8882810e-07
2.7029000e+00                  1.6379464e-07                  1.6379464e-07
2.7030000e+00                  1.4251105e-07                  1.4251105e-07
2.7031000e+00                  1.2618932e-07                  1.2618932e-07
2.7032000e+00                  1.1453186e-07                  1.1453186e-07
2.7033000e+00                  1.0616139e-07                  1.0616139e-07
2.7034000e+00                  9.9259120e-08                  9.9259120e-08
2.7035000e+00                  9.2189127e-08                  9.2189127e-08
2.7036000e+00                  8.3932877e-08                  8.3932877e-08
2.7037000e+00                  7.4251676e-08                  7.4251676e-08
2.7038000e+00                  6.3594847e-08                  6.3594847e-08
2.7039000e+00                  5.2843459e-08                  5.2843459e-08
2.7040000e+00                  4.3004880e-08                  4.3004880e-08
2.7041000e+00                  3.4955189e-08                  3.4955189e-08
2.7042000e+00                  2.9283162e-08                  2.9283162e-08
2.7043000e+00                  2.6244864e-08                  2.6244864e-08
2.7044000e+00                  2.5808591e-08                  2.5808591e-08
2.7045000e+00                  2.7759504e-08                  2.7759504e-08
2.7046000e+00                  3.1833833e-08                  3.1833833e-08
2.7047000e+00                  3.7852665e-08                  3.7852665e-08
2.7048000e+00                  4.5820068e-08                  4.5820068e-08
2.7049000e+00                  5.5945093e-08                  5.5945093e-08
2.7050000e+00                  6.8554934e-08                  6.8554934e-08
2.7051000e+00                  8.3897616e-08                  8.3897616e-08
2.7052000e+00                  1.0188460e-07                  1.0188460e-07
2.7053000e+00                  1.2187662e-07                  1.2187662e-07
2.7054000e+00                  1.4263912e-07                  1.4263912e-07
2.7055000e+00                  1.6256102e-07                  1.6256102e-07
2.7056000e+00                  1.8013973e-07                  1.8013973e-07
2.7057000e+00                  1.9461668e-07                  1.9461668e-07
2.7058000e+00                  2.0655567e-07                  2.0655567e-07
2.7059000e+00                  2.1814724e-07                  2.1814724e-07
2.7060000e+00                  2.3312272e-07                  2.3312272e-07
2.7061000e+00                  2.5634770e-07                  2.5634770e-07
2.7062000e+00                  2.9335992e-07                  2.9335992e-07
2.7063000e+00                  3.5021277e-07                  3.5021277e-07
2.7064000e+00                  4.3388628e-07                  4.3388628e-07
2.7065000e+00                  5.5319970e-07                  5.5319970e-07
2.7066000e+00                  7.1968538e-07                  7.1968540e-07
2.7067000e+00                  9.4747104e-07                  9.4747117e-07
2.7068000e+00                  1.2511511e-06                  1.2511516e-06
2.7069000e+00                  1.6411393e-06                  1.6411414e-06
2.7070000e+00                  2.1170887e-06                  2.1170967e-06
2.7071000e+00                  2.6612955e-06                  2.6613241e-06
2.7072000e+00                  3.2349351e-06                  3.2350316e-06
2.7073000e+00                  3.7798324e-06                  3.7801415e-06
2.7074000e+00                  4.2269609e-06                  4.2278993e-06
2.7075000e+00                  4.5103600e-06                  4.5130624e-06
2.7076000e+00                  4.5826952e-06                  4.5900747e-06
2.7077000e+00                  4.4274658e-06                  4.4465749e-06
2.7078000e+00                  4.0636469e-06                  4.1105702e-06
2.7079000e+00                  3.5411335e-06                  3.6503959e-06
2.7080000e+00                  2.9286265e-06                  3.1698867e-06
2.7081000e+00                  2.2981066e-06                  2.8032731e-06
2.7082000e+00                  1.7107585e-06                  2.7137956e-06
2.7083000e+00                  1.2080158e-06                  3.0965857e-06
2.7084000e+00                  8.0907930e-07                  4.1810424e-06
2.7085000e+00                  5.1395367e-07                  6.2230342e-06
2.7086000e+00                  3.0964059e-07                  9.4757103e-06
2.7087000e+00                  1.7692286e-07                  1.4132049e-05
2.7088000e+00                  9.5873009e-08                  2.0243226e-05
2.7089000e+00                  4.9271045e-08                  2.7631913e-05
2.7090000e+00                  2.4014281e-08                  3.5832615e-05
2.7091000e+00                  1.1100279e-08                  4.4094235e-05
2.7092000e+00                  4.8663102e-09                  5.1467406e-05
2.7093000e+00                  2.0235359e-09                  5.6971677e-05
2.7094000e+00                  7.9834631e-10                  5.9804708e-05
2.7095000e+00                  2.9909273e-10                  5.9532124e-05
2.7096000e+00                  1.0668448e-10                  5.6195723e-05
2.7097000e+00                  3.6560900e-11                  5.0302507e-05
2.7098000e+00                  1.2451604e-11                  4.2698237e-05
2.7099000e+00                  4.7598256e-12                  3.4368771e-05
2.7100000e+00                  2.7193435e-12                  2.6233228e-05
2.7101000e+00                  2.6960374e-12                  1.8987734e-05
2.7102000e+00                  3.5992127e-12                  1.3032514e-05
2.7103000e+00                  5.1881912e-12                  8.4823652e-06
2.7104000e+00                  7.4688032e-12                  5.2352760e-06
2.7105000e+00                  1.0467995e-11                  3.0640534e-06
2.7106000e+00                  1.4132690e-11                  1.7005443e-06
2.7107000e+00                  1.8278322e-11                  8.9498624e-07
2.7108000e+00                  2.2576882e-11                  4.4666940e-07
2.7109000e+00                  2.6590548e-11                  2.1140208e-07
2.7110000e+00                  2.9851069e-11                  9.4888875e-08
2.7111000e+00                  3.1969577e-11                  4.0399882e-08
2.7112000e+00                  3.2746633e-11                  1.6322989e-08
2.7113000e+00                  3.2246446e-11                  6.2660405e-09
2.7114000e+00                  3.0806903e-11                  2.2929026e-09
2.7115000e+00                  2.8976364e-11                  8.0737688e-10
2.7116000e+00                  2.7391723e-11                  2.8138890e-10
2.7117000e+00                  2.6630851e-11                  1.0522465e-10
2.7118000e+00                  2.7079530e-11                  5.0140698e-11
2.7119000e+00                  2.8846941e-11                  3.5263585e-11
2.7120000e+00                  3.1748094e-11                  3.3441138e-11
2.7121000e+00                  3.5352313e-11                  3.5775919e-11
2.7122000e+00                  3.9080207e-11                  3.9180712e-11
2.7123000e+00                  4.2321743e-11                  4.2344356e-11
2.7124000e+00                  4.4547075e-11                  4.4551899e-11
2.7125000e+00                  4.5388484e-11                  4.5389460e-11
2.7126000e+00                  4.4682899e-11                  4.4683086e-11
2.7127000e+00                  4.2475364e-11                  4.2475398e-11
2.7128000e+00                  3.8991122e-11                  3.8991128e-11
2.7129000e+00                  3.4586791e-11                  3.4586792e-11
2.7130000e+00                  2.9690961e-11                  2.9690962e-11
2.7131000e+00                  2.4743830e-11                  2.4743830e-11
2.7132000e+00                  2.0145229e-11                  2.0145229e-11
2.7133000e+00                  1.6219597e-11                  1.6219597e-11
2.7134000e+00                  1.3203320e-11                  1.3203320e-11
2.7135000e+00                  1.1253771e-11                  1.1253771e-11
2.7136000e+00                  1.0472134e-11                  1.0472134e-11
2.7137000e+00                  1.0927307e-11                  1.0927307e-11
2.7138000e+00                  1.2669253e-11                  1.2669253e-11
2.7139000e+00                  1.5728098e-11                  1.5728098e-11
2.7140000e+00                  2.0107268e-11                  2.0107268e-11
2.7141000e+00                  2.5788726e-11                  2.5788726e-11
2.7142000e+00                  3.2768744e-11                  3.2768744e-11
2.7143000e+00                  4.1128880e-11                  4.1128880e-11
2.7144000e+00                  5.1120866e-11                  5.1120866e-11
2.7145000e+00                  6.3216742e-11                  6.3216742e-11
2.7146000e+00                  7.8063524e-11                  7.8063524e-11
2.7147000e+00                  9.6300551e-11                  9.6300551e-11
2.7148000e+00                  1.1825105e-10                  1.1825105e-10
2.7149000e+00                  1.4357185e-10                  1.4357185e-10
2.7150000e+00                  1.7100414e-10                  1.7100414e-10
2.7151000e+00                  1.9837772e-10                  1.9837772e-10
2.7152000e+00                  2.2296419e-10                  2.2296419e-10
2.7153000e+00                  2.4216675e-10                  2.4216675e-10
2.7154000e+00                  2.5442648e-10                  2.5442648e-10
2.7155000e+00                  2.6018053e-10                  2.6018053e-10
2.7156000e+00                  2.6276716e-10                  2.6276716e-10
2.7157000e+00                  2.6932326e-10                  2.6932326e-10
2.7158000e+00                  2.9188256e-10                  2.9188256e-10
2.7159000e+00                  3.4892467e-10                  3.4892467e-10
2.7160000e+00                  4.6741054e-10                  4.6741054e-10
2.7161000e+00                  6.8479902e-10                  6.8479902e-10
2.7162000e+00                  1.0497598e-09                  1.0497598e-09
2.7163000e+00                  1.6195952e-09                  1.6195952e-09
